0.00000 -0.0208917446
0.00500 -0.0208679526
0.01000 -0.0208244064
0.01500 -0.0207611482
0.02000 -0.0206782402
0.02500 -0.0205757636
0.03000 -0.0204538193
0.03500 -0.0203125270
0.04000 -0.0201520257
0.04500 -0.0199724732
0.05000 -0.0197740457
0.05500 -0.0195569381
0.06000 -0.0193213633
0.06500 -0.0190675522
0.07000 -0.0187957535
0.07500 -0.0185062332
0.08000 -0.0181992742
0.08500 -0.0178751766
0.09000 -0.0175342568
0.09500 -0.0171768471
0.10000 -0.0168032961
0.10500 -0.0164139674
0.11000 -0.0160092398
0.11500 -0.0155895067
0.12000 -0.0151551761
0.12500 -0.0147066693
0.13000 -0.0142444216
0.13500 -0.0137688808
0.14000 -0.0132805077
0.14500 -0.0127797749
0.15000 -0.0122671669
0.15500 -0.0117431791
0.16000 -0.0112083179
0.16500 -0.0106630996
0.17000 -0.0101080505
0.17500 -0.0095437061
0.18000 -0.0089706104
0.18500 -0.0083893158
0.19000 -0.0078003823
0.19500 -0.0072043771
0.20000 -0.0066018740
0.20500 -0.0059934529
0.21000 -0.0053796993
0.21500 -0.0047612037
0.22000 -0.0041385609
0.22500 -0.0035123699
0.23000 -0.0028832328
0.23500 -0.0022517547
0.24000 -0.0016185429
0.24500 -0.0009842063
0.25000 -0.0003493552
0.25500 0.0002853999
0.26000 0.0009194483
0.26500 0.0015521796
0.27000 0.0021829849
0.27500 0.0028112568
0.28000 0.0034363901
0.28500 0.0040577823
0.29000 0.0046748344
0.29500 0.0052869511
0.30000 0.0058935417
0.30500 0.0064940204
0.31000 0.0070878069
0.31500 0.0076743271
0.32000 0.0082530131
0.32500 0.0088233047
0.33000 0.0093846488
0.33500 0.0099365008
0.34000 0.0104783248
0.34500 0.0110095939
0.35000 0.0115297909
0.35500 0.0120384089
0.36000 0.0125349516
0.36500 0.0130189340
0.37000 0.0134898824
0.37500 0.0139473355
0.38000 0.0143908443
0.38500 0.0148199728
0.39000 0.0152342986
0.39500 0.0156334129
0.40000 0.0160169212
0.40500 0.0163844437
0.41000 0.0167356156
0.41500 0.0170700873
0.42000 0.0173875252
0.42500 0.0176876117
0.43000 0.0179700458
0.43500 0.0182345429
0.44000 0.0184808359
0.44500 0.0187086748
0.45000 0.0189178272
0.45500 0.0191080788
0.46000 0.0192792334
0.46500 0.0194311131
0.47000 0.0195635586
0.47500 0.0196764294
0.48000 0.0197696041
0.48500 0.0198429803
0.49000 0.0198964749
0.49500 0.0199300241
0.50000 0.0199435838
0.50500 0.0199371295
0.51000 0.0199106561
0.51500 0.0198641784
0.52000 0.0197977310
0.52500 0.0197113681
0.53000 0.0196051638
0.53500 0.0194792118
0.54000 0.0193336254
0.54500 0.0191685376
0.55000 0.0189841009
0.55500 0.0187804872
0.56000 0.0185578875
0.56500 0.0183165121
0.57000 0.0180565901
0.57500 0.0177783694
0.58000 0.0174821163
0.58500 0.0171681155
0.59000 0.0168366697
0.59500 0.0164880994
0.60000 0.0161227424
0.60500 0.0157409537
0.61000 0.0153431052
0.61500 0.0149295851
0.62000 0.0145007978
0.62500 0.0140571634
0.63000 0.0135991171
0.63500 0.0131271090
0.64000 0.0126416037
0.64500 0.0121430798
0.65000 0.0116320290
0.65500 0.0111089564
0.66000 0.0105743792
0.66500 0.0100288268
0.67000 0.0094728397
0.67500 0.0089069694
0.68000 0.0083317778
0.68500 0.0077478361
0.69000 0.0071557249
0.69500 0.0065560332
0.70000 0.0059493578
0.70500 0.0053363030
0.71000 0.0047174793
0.71500 0.0040935034
0.72000 0.0034649976
0.72500 0.0028325883
0.73000 0.0021969064
0.73500 0.0015585859
0.74000 0.0009182635
0.74500 0.0002765780
0.75000 -0.0003658305
0.75500 -0.0010083213
0.76000 -0.0016502538
0.76500 -0.0022909878
0.77000 -0.0029298849
0.77500 -0.0035663085
0.78000 -0.0041996247
0.78500 -0.0048292031
0.79000 -0.0054544175
0.79500 -0.0060746461
0.80000 -0.0066892728
0.80500 -0.0072976873
0.81000 -0.0078992862
0.81500 -0.0084934731
0.82000 -0.0090796598
0.82500 -0.0096572666
0.83000 -0.0102257228
0.83500 -0.0107844676
0.84000 -0.0113329504
0.84500 -0.0118706315
0.85000 -0.0123969828
0.85500 -0.0129114880
0.86000 -0.0134136433
0.86500 -0.0139029580
0.87000 -0.0143789549
0.87500 -0.0148411709
0.88000 -0.0152891571
0.88500 -0.0157224798
0.89000 -0.0161407203
0.89500 -0.0165434760
0.90000 -0.0169303602
0.90500 -0.0173010028
0.91000 -0.0176550505
0.91500 -0.0179921672
0.92000 -0.0183120345
0.92500 -0.0186143516
0.93000 -0.0188988358
0.93500 -0.0191652229
0.94000 -0.0194132672
0.94500 -0.0196427417
0.95000 -0.0198534385
0.95500 -0.0200451689
0.96000 -0.0202177634
0.96500 -0.0203710721
0.97000 -0.0205049645
0.97500 -0.0206193300
0.98000 -0.0207140774
0.98500 -0.0207891356
0.99000 -0.0208444531
0.99500 -0.0208799983
1.00000 -0.0208957595
