0 0
0.00133333 0.00266667
0.00266667 0.00533333
0.004 0.008
0.00533333 0.0106667
0.00666667 0.0133333
0.008 0.016
0.00933333 0.0186667
0.0106667 0.0213333
0.012 0.024
0.0133333 0.0266667
0.0146667 0.0293333
0.016 0.032
0.0173333 0.0346667
0.0186667 0.0373333
0.02 0.04
0.0213333 0.0426667
0.0226667 0.0453333
0.024 0.048
0.0253333 0.0506667
0.0266667 0.0533333
0.028 0.056
0.0293333 0.0586667
0.0306667 0.0613333
0.032 0.064
0.0333333 0.0666667
0.0346667 0.0693333
0.036 0.072
0.0373333 0.0746667
0.0386667 0.0773333
0.04 0.08
0.0413333 0.0826667
0.0426667 0.0853333
0.044 0.088
0.0453333 0.0906667
0.0466667 0.0933333
0.048 0.096
0.0493333 0.0986667
0.0506667 0.101333
0.052 0.104
0.0533333 0.106667
0.0546667 0.109333
0.056 0.112
0.0573333 0.114667
0.0586667 0.117333
0.06 0.12
0.0613333 0.122667
0.0626667 0.125333
0.064 0.128
0.0653333 0.130667
0.0666667 0.133333
0.068 0.136
0.0693333 0.138667
0.0706667 0.141333
0.072 0.144
0.0733333 0.146667
0.0746667 0.149333
0.076 0.152
0.0773333 0.154667
0.0786667 0.157333
0.08 0.16
0.0813333 0.162667
0.0826667 0.165333
0.084 0.168
0.0853333 0.170667
0.0866667 0.173333
0.088 0.176
0.0893333 0.178667
0.0906667 0.181333
0.092 0.184
0.0933333 0.186667
0.0946667 0.189333
0.096 0.192
0.0973333 0.194667
0.0986667 0.197333
0.1 0.2
0.101333 0.202667
0.102667 0.205333
0.104 0.208
0.105333 0.210667
0.106667 0.213333
0.108 0.216
0.109333 0.218667
0.110667 0.221333
0.112 0.224
0.113333 0.226667
0.114667 0.229333
0.116 0.232
0.117333 0.234667
0.118667 0.237333
0.12 0.24
0.121333 0.242667
0.122667 0.245333
0.124 0.248
0.125333 0.250667
0.126667 0.253333
0.128 0.256
0.129333 0.258667
0.130667 0.261333
0.132 0.264
0.133333 0.266667
0.134667 0.269333
0.136 0.272
0.137333 0.274667
0.138667 0.277333
0.14 0.28
0.141333 0.282667
0.142667 0.285333
0.144 0.288
0.145333 0.290667
0.146667 0.293333
0.148 0.296
0.149333 0.298667
0.150667 0.301333
0.152 0.304
0.153333 0.306667
0.154667 0.309333
0.156 0.312
0.157333 0.314667
0.158667 0.317333
0.16 0.32
0.161333 0.322667
0.162667 0.325333
0.164 0.328
0.165333 0.330667
0.166667 0.333333
0.168 0.336
0.169333 0.338667
0.170667 0.341333
0.172 0.344
0.173333 0.346667
0.174667 0.349333
0.176 0.352
0.177333 0.354667
0.178667 0.357333
0.18 0.36
0.181333 0.362667
0.182667 0.365333
0.184 0.368
0.185333 0.370667
0.186667 0.373333
0.188 0.376
0.189333 0.378667
0.190667 0.381333
0.192 0.384
0.193333 0.386667
0.194667 0.389333
0.196 0.392
0.197333 0.394667
0.198667 0.397333
0.2 0.4
0.201333 0.402667
0.202667 0.405333
0.204 0.408
0.205333 0.410667
0.206667 0.413333
0.208 0.416
0.209333 0.418667
0.210667 0.421333
0.212 0.424
0.213333 0.426667
0.214667 0.429333
0.216 0.432
0.217333 0.434667
0.218667 0.437333
0.22 0.44
0.221333 0.442667
0.222667 0.445333
0.224 0.448
0.225333 0.450667
0.226667 0.453333
0.228 0.456
0.229333 0.458667
0.230667 0.461333
0.232 0.464
0.233333 0.466667
0.234667 0.469333
0.236 0.472
0.237333 0.474667
0.238667 0.477333
0.24 0.48
0.241333 0.482667
0.242667 0.485333
0.244 0.488
0.245333 0.490667
0.246667 0.493333
0.248 0.496
0.249333 0.498667
0.250667 0.501333
0.252 0.504
0.253333 0.506667
0.254667 0.509333
0.256 0.512
0.257333 0.514667
0.258667 0.517333
0.26 0.52
0.261333 0.522667
0.262667 0.525333
0.264 0.528
0.265333 0.530667
0.266667 0.533333
0.268 0.536
0.269333 0.538667
0.270667 0.541333
0.272 0.544
0.273333 0.546667
0.274667 0.549333
0.276 0.552
0.277333 0.554667
0.278667 0.557333
0.28 0.56
0.281333 0.562667
0.282667 0.565333
0.284 0.568
0.285333 0.570667
0.286667 0.573333
0.288 0.576
0.289333 0.578667
0.290667 0.581333
0.292 0.584
0.293333 0.586667
0.294667 0.589333
0.296 0.592
0.297333 0.594667
0.298667 0.597333
0.3 0.6
0.301333 0.602667
0.302667 0.605333
0.304 0.608
0.305333 0.610667
0.306667 0.613333
0.308 0.616
0.309333 0.618667
0.310667 0.621333
0.312 0.624
0.313333 0.626667
0.314667 0.629333
0.316 0.632
0.317333 0.634667
0.318667 0.637333
0.32 0.64
0.321333 0.642667
0.322667 0.645333
0.324 0.648
0.325333 0.650667
0.326667 0.653333
0.328 0.656
0.329333 0.658667
0.330667 0.661333
0.332 0.664
0.333333 0.666667
0.334667 0.669333
0.336 0.672
0.337333 0.674667
0.338667 0.677333
0.34 0.68
0.341333 0.682667
0.342667 0.685333
0.344 0.688
0.345333 0.690667
0.346667 0.693333
0.348 0.696
0.349333 0.698667
0.350667 0.701333
0.352 0.704
0.353333 0.706667
0.354667 0.709333
0.356 0.712
0.357333 0.714667
0.358667 0.717333
0.36 0.72
0.361333 0.722667
0.362667 0.725333
0.364 0.728
0.365333 0.730667
0.366667 0.733333
0.368 0.736
0.369333 0.738667
0.370667 0.741333
0.372 0.744
0.373333 0.746667
0.374667 0.749333
0.376 0.752
0.377333 0.754667
0.378667 0.757333
0.38 0.76
0.381333 0.762667
0.382667 0.765333
0.384 0.768
0.385333 0.770667
0.386667 0.773333
0.388 0.776
0.389333 0.778667
0.390667 0.781333
0.392 0.784
0.393333 0.786667
0.394667 0.789333
0.396 0.792
0.397333 0.794667
0.398667 0.797333
0.4 0.8
0.401333 0.802667
0.402667 0.805333
0.404 0.808
0.405333 0.810667
0.406667 0.813333
0.408 0.816
0.409333 0.818667
0.410667 0.821333
0.412 0.824
0.413333 0.826667
0.414667 0.829333
0.416 0.832
0.417333 0.834667
0.418667 0.837333
0.42 0.84
0.421333 0.842667
0.422667 0.845333
0.424 0.848
0.425333 0.850667
0.426667 0.853333
0.428 0.856
0.429333 0.858667
0.430667 0.861333
0.432 0.864
0.433333 0.866667
0.434667 0.869333
0.436 0.872
0.437333 0.874667
0.438667 0.877333
0.44 0.88
0.441333 0.882667
0.442667 0.885333
0.444 0.888
0.445333 0.890667
0.446667 0.893333
0.448 0.896
0.449333 0.898667
0.450667 0.901333
0.452 0.904
0.453333 0.906667
0.454667 0.909333
0.456 0.912
0.457333 0.914667
0.458667 0.917333
0.46 0.92
0.461333 0.922667
0.462667 0.925333
0.464 0.928
0.465333 0.930667
0.466667 0.933333
0.468 0.936
0.469333 0.938667
0.470667 0.941333
0.472 0.944
0.473333 0.946667
0.474667 0.949333
0.476 0.952
0.477333 0.954667
0.478667 0.957333
0.48 0.96
0.481333 0.962667
0.482667 0.965333
0.484 0.968
0.485333 0.970667
0.486667 0.973333
0.488 0.976
0.489333 0.978667
0.490667 0.981333
0.492 0.984
0.493333 0.986667
0.494667 0.989333
0.496 0.992
0.497333 0.994667
0.498667 0.997333
0.5 1
0.501333 1.00267
0.502667 1.00533
0.504 1.008
0.505333 1.01067
0.506667 1.01333
0.508 1.016
0.509333 1.01867
0.510667 1.02133
0.512 1.024
0.513333 1.02667
0.514667 1.02933
0.516 1.032
0.517333 1.03467
0.518667 1.03733
0.52 1.04
0.521333 1.04267
0.522667 1.04533
0.524 1.048
0.525333 1.05067
0.526667 1.05333
0.528 1.056
0.529333 1.05867
0.530667 1.06133
0.532 1.064
0.533333 1.06667
0.534667 1.06933
0.536 1.072
0.537333 1.07467
0.538667 1.07733
0.54 1.08
0.541333 1.08267
0.542667 1.08533
0.544 1.088
0.545333 1.09067
0.546667 1.09333
0.548 1.096
0.549333 1.09867
0.550667 1.10133
0.552 1.104
0.553333 1.10667
0.554667 1.10933
0.556 1.112
0.557333 1.11467
0.558667 1.11733
0.56 1.12
0.561333 1.12267
0.562667 1.12533
0.564 1.128
0.565333 1.13067
0.566667 1.13333
0.568 1.136
0.569333 1.13867
0.570667 1.14133
0.572 1.144
0.573333 1.14667
0.574667 1.14933
0.576 1.152
0.577333 1.15467
0.578667 1.15733
0.58 1.16
0.581333 1.16267
0.582667 1.16533
0.584 1.168
0.585333 1.17067
0.586667 1.17333
0.588 1.176
0.589333 1.17867
0.590667 1.18133
0.592 1.184
0.593333 1.18667
0.594667 1.18933
0.596 1.192
0.597333 1.19467
0.598667 1.19733
0.6 1.2
0.601333 1.20267
0.602667 1.20533
0.604 1.208
0.605333 1.21067
0.606667 1.21333
0.608 1.216
0.609333 1.21867
0.610667 1.22133
0.612 1.224
0.613333 1.22667
0.614667 1.22933
0.616 1.232
0.617333 1.23467
0.618667 1.23733
0.62 1.24
0.621333 1.24267
0.622667 1.24533
0.624 1.248
0.625333 1.25067
0.626667 1.25333
0.628 1.256
0.629333 1.25867
0.630667 1.26133
0.632 1.264
0.633333 1.26667
0.634667 1.26933
0.636 1.272
0.637333 1.27467
0.638667 1.27733
0.64 1.28
0.641333 1.28267
0.642667 1.28533
0.644 1.288
0.645333 1.29067
0.646667 1.29333
0.648 1.296
0.649333 1.29867
0.650667 1.30133
0.652 1.304
0.653333 1.30667
0.654667 1.30933
0.656 1.312
0.657333 1.31467
0.658667 1.31733
0.66 1.32
0.661333 1.32267
0.662667 1.32533
0.664 1.328
0.665333 1.33067
0.666667 1.33333
0.668 1.336
0.669333 1.33867
0.670667 1.34133
0.672 1.344
0.673333 1.34667
0.674667 1.34933
0.676 1.352
0.677333 1.35467
0.678667 1.35733
0.68 1.36
0.681333 1.36267
0.682667 1.36533
0.684 1.368
0.685333 1.37067
0.686667 1.37333
0.688 1.376
0.689333 1.37867
0.690667 1.38133
0.692 1.384
0.693333 1.38667
0.694667 1.38933
0.696 1.392
0.697333 1.39467
0.698667 1.39733
0.7 1.4
0.701333 1.40267
0.702667 1.40533
0.704 1.408
0.705333 1.41067
0.706667 1.41333
0.708 1.416
0.709333 1.41867
0.710667 1.42133
0.712 1.424
0.713333 1.42667
0.714667 1.42933
0.716 1.432
0.717333 1.43467
0.718667 1.43733
0.72 1.44
0.721333 1.44267
0.722667 1.44533
0.724 1.448
0.725333 1.45067
0.726667 1.45333
0.728 1.456
0.729333 1.45867
0.730667 1.46133
0.732 1.464
0.733333 1.46667
0.734667 1.46933
0.736 1.472
0.737333 1.47467
0.738667 1.47733
0.74 1.48
0.741333 1.48267
0.742667 1.48533
0.744 1.488
0.745333 1.49067
0.746667 1.49333
0.748 1.496
0.749333 1.49867
0.750667 1.50133
0.752 1.504
0.753333 1.50667
0.754667 1.50933
0.756 1.512
0.757333 1.51467
0.758667 1.51733
0.76 1.52
0.761333 1.52267
0.762667 1.52533
0.764 1.528
0.765333 1.53067
0.766667 1.53333
0.768 1.536
0.769333 1.53867
0.770667 1.54133
0.772 1.544
0.773333 1.54667
0.774667 1.54933
0.776 1.552
0.777333 1.55467
0.778667 1.55733
0.78 1.56
0.781333 1.56267
0.782667 1.56533
0.784 1.568
0.785333 1.57067
0.786667 1.57333
0.788 1.576
0.789333 1.57867
0.790667 1.58133
0.792 1.584
0.793333 1.58667
0.794667 1.58933
0.796 1.592
0.797333 1.59467
0.798667 1.59733
0.8 1.6
0.801333 1.60267
0.802667 1.60533
0.804 1.608
0.805333 1.61067
0.806667 1.61333
0.808 1.616
0.809333 1.61867
0.810667 1.62133
0.812 1.624
0.813333 1.62667
0.814667 1.62933
0.816 1.632
0.817333 1.63467
0.818667 1.63733
0.82 1.64
0.821333 1.64267
0.822667 1.64533
0.824 1.648
0.825333 1.65067
0.826667 1.65333
0.828 1.656
0.829333 1.65867
0.830667 1.66133
0.832 1.664
0.833333 1.66667
0.834667 1.66933
0.836 1.672
0.837333 1.67467
0.838667 1.67733
0.84 1.68
0.841333 1.68267
0.842667 1.68533
0.844 1.688
0.845333 1.69067
0.846667 1.69333
0.848 1.696
0.849333 1.69867
0.850667 1.70133
0.852 1.704
0.853333 1.70667
0.854667 1.70933
0.856 1.712
0.857333 1.71467
0.858667 1.71733
0.86 1.72
0.861333 1.72267
0.862667 1.72533
0.864 1.728
0.865333 1.73067
0.866667 1.73333
0.868 1.736
0.869333 1.73867
0.870667 1.74133
0.872 1.744
0.873333 1.74667
0.874667 1.74933
0.876 1.752
0.877333 1.75467
0.878667 1.75733
0.88 1.76
0.881333 1.76267
0.882667 1.76533
0.884 1.768
0.885333 1.77067
0.886667 1.77333
0.888 1.776
0.889333 1.77867
0.890667 1.78133
0.892 1.784
0.893333 1.78667
0.894667 1.78933
0.896 1.792
0.897333 1.79467
0.898667 1.79733
0.9 1.8
0.901333 1.80267
0.902667 1.80533
0.904 1.808
0.905333 1.81067
0.906667 1.81333
0.908 1.816
0.909333 1.81867
0.910667 1.82133
0.912 1.824
0.913333 1.82667
0.914667 1.82933
0.916 1.832
0.917333 1.83467
0.918667 1.83733
0.92 1.84
0.921333 1.84267
0.922667 1.84533
0.924 1.848
0.925333 1.85067
0.926667 1.85333
0.928 1.856
0.929333 1.85867
0.930667 1.86133
0.932 1.864
0.933333 1.86667
0.934667 1.86933
0.936 1.872
0.937333 1.87467
0.938667 1.87733
0.94 1.88
0.941333 1.88267
0.942667 1.88533
0.944 1.888
0.945333 1.89067
0.946667 1.89333
0.948 1.896
0.949333 1.89867
0.950667 1.90133
0.952 1.904
0.953333 1.90667
0.954667 1.90933
0.956 1.912
0.957333 1.91467
0.958667 1.91733
0.96 1.92
0.961333 1.92267
0.962667 1.92533
0.964 1.928
0.965333 1.93067
0.966667 1.93333
0.968 1.936
0.969333 1.93867
0.970667 1.94133
0.972 1.944
0.973333 1.94667
0.974667 1.94933
0.976 1.952
0.977333 1.95467
0.978667 1.95733
0.98 1.96
0.981333 1.96267
0.982667 1.96533
0.984 1.968
0.985333 1.97067
0.986667 1.97333
0.988 1.976
0.989333 1.97867
0.990667 1.98133
0.992 1.984
0.993333 1.98667
0.994667 1.98933
0.996 1.992
0.997333 1.99467
0.998667 1.99733
1 2
