0 0
0.002 0.004
0.004 0.008
0.006 0.012
0.008 0.016
0.01 0.02
0.012 0.024
0.014 0.028
0.016 0.032
0.018 0.036
0.02 0.04
0.022 0.044
0.024 0.048
0.026 0.052
0.028 0.056
0.03 0.06
0.032 0.064
0.034 0.068
0.036 0.072
0.038 0.076
0.04 0.08
0.042 0.084
0.044 0.088
0.046 0.092
0.048 0.096
0.05 0.1
0.052 0.104
0.054 0.108
0.056 0.112
0.058 0.116
0.06 0.12
0.062 0.124
0.064 0.128
0.066 0.132
0.068 0.136
0.07 0.14
0.072 0.144
0.074 0.148
0.076 0.152
0.078 0.156
0.08 0.16
0.082 0.164
0.084 0.168
0.086 0.172
0.088 0.176
0.09 0.18
0.092 0.184
0.094 0.188
0.096 0.192
0.098 0.196
0.1 0.2
0.102 0.204
0.104 0.208
0.106 0.212
0.108 0.216
0.11 0.22
0.112 0.224
0.114 0.228
0.116 0.232
0.118 0.236
0.12 0.24
0.122 0.244
0.124 0.248
0.126 0.252
0.128 0.256
0.13 0.26
0.132 0.264
0.134 0.268
0.136 0.272
0.138 0.276
0.14 0.28
0.142 0.284
0.144 0.288
0.146 0.292
0.148 0.296
0.15 0.3
0.152 0.304
0.154 0.308
0.156 0.312
0.158 0.316
0.16 0.32
0.162 0.324
0.164 0.328
0.166 0.332
0.168 0.336
0.17 0.34
0.172 0.344
0.174 0.348
0.176 0.352
0.178 0.356
0.18 0.36
0.182 0.364
0.184 0.368
0.186 0.372
0.188 0.376
0.19 0.38
0.192 0.384
0.194 0.388
0.196 0.392
0.198 0.396
0.2 0.4
0.202 0.404
0.204 0.408
0.206 0.412
0.208 0.416
0.21 0.42
0.212 0.424
0.214 0.428
0.216 0.432
0.218 0.436
0.22 0.44
0.222 0.444
0.224 0.448
0.226 0.452
0.228 0.456
0.23 0.46
0.232 0.464
0.234 0.468
0.236 0.472
0.238 0.476
0.24 0.48
0.242 0.484
0.244 0.488
0.246 0.492
0.248 0.496
0.25 0.5
0.252 0.504
0.254 0.508
0.256 0.512
0.258 0.516
0.26 0.52
0.262 0.524
0.264 0.528
0.266 0.532
0.268 0.536
0.27 0.54
0.272 0.544
0.274 0.548
0.276 0.552
0.278 0.556
0.28 0.56
0.282 0.564
0.284 0.568
0.286 0.572
0.288 0.576
0.29 0.58
0.292 0.584
0.294 0.588
0.296 0.592
0.298 0.596
0.3 0.6
0.302 0.604
0.304 0.608
0.306 0.612
0.308 0.616
0.31 0.62
0.312 0.624
0.314 0.628
0.316 0.632
0.318 0.636
0.32 0.64
0.322 0.644
0.324 0.648
0.326 0.652
0.328 0.656
0.33 0.66
0.332 0.664
0.334 0.668
0.336 0.672
0.338 0.676
0.34 0.68
0.342 0.684
0.344 0.688
0.346 0.692
0.348 0.696
0.35 0.7
0.352 0.704
0.354 0.708
0.356 0.712
0.358 0.716
0.36 0.72
0.362 0.724
0.364 0.728
0.366 0.732
0.368 0.736
0.37 0.74
0.372 0.744
0.374 0.748
0.376 0.752
0.378 0.756
0.38 0.76
0.382 0.764
0.384 0.768
0.386 0.772
0.388 0.776
0.39 0.78
0.392 0.784
0.394 0.788
0.396 0.792
0.398 0.796
0.4 0.8
0.402 0.804
0.404 0.808
0.406 0.812
0.408 0.816
0.41 0.82
0.412 0.824
0.414 0.828
0.416 0.832
0.418 0.836
0.42 0.84
0.422 0.844
0.424 0.848
0.426 0.852
0.428 0.856
0.43 0.86
0.432 0.864
0.434 0.868
0.436 0.872
0.438 0.876
0.44 0.88
0.442 0.884
0.444 0.888
0.446 0.892
0.448 0.896
0.45 0.9
0.452 0.904
0.454 0.908
0.456 0.912
0.458 0.916
0.46 0.92
0.462 0.924
0.464 0.928
0.466 0.932
0.468 0.936
0.47 0.94
0.472 0.944
0.474 0.948
0.476 0.952
0.478 0.956
0.48 0.96
0.482 0.964
0.484 0.968
0.486 0.972
0.488 0.976
0.49 0.98
0.492 0.984
0.494 0.988
0.496 0.992
0.498 0.996
0.5 1
0.502 1.004
0.504 1.008
0.506 1.012
0.508 1.016
0.51 1.02
0.512 1.024
0.514 1.028
0.516 1.032
0.518 1.036
0.52 1.04
0.522 1.044
0.524 1.048
0.526 1.052
0.528 1.056
0.53 1.06
0.532 1.064
0.534 1.068
0.536 1.072
0.538 1.076
0.54 1.08
0.542 1.084
0.544 1.088
0.546 1.092
0.548 1.096
0.55 1.1
0.552 1.104
0.554 1.108
0.556 1.112
0.558 1.116
0.56 1.12
0.562 1.124
0.564 1.128
0.566 1.132
0.568 1.136
0.57 1.14
0.572 1.144
0.574 1.148
0.576 1.152
0.578 1.156
0.58 1.16
0.582 1.164
0.584 1.168
0.586 1.172
0.588 1.176
0.59 1.18
0.592 1.184
0.594 1.188
0.596 1.192
0.598 1.196
0.6 1.2
0.602 1.204
0.604 1.208
0.606 1.212
0.608 1.216
0.61 1.22
0.612 1.224
0.614 1.228
0.616 1.232
0.618 1.236
0.62 1.24
0.622 1.244
0.624 1.248
0.626 1.252
0.628 1.256
0.63 1.26
0.632 1.264
0.634 1.268
0.636 1.272
0.638 1.276
0.64 1.28
0.642 1.284
0.644 1.288
0.646 1.292
0.648 1.296
0.65 1.3
0.652 1.304
0.654 1.308
0.656 1.312
0.658 1.316
0.66 1.32
0.662 1.324
0.664 1.328
0.666 1.332
0.668 1.336
0.67 1.34
0.672 1.344
0.674 1.348
0.676 1.352
0.678 1.356
0.68 1.36
0.682 1.364
0.684 1.368
0.686 1.372
0.688 1.376
0.69 1.38
0.692 1.384
0.694 1.388
0.696 1.392
0.698 1.396
0.7 1.4
0.702 1.404
0.704 1.408
0.706 1.412
0.708 1.416
0.71 1.42
0.712 1.424
0.714 1.428
0.716 1.432
0.718 1.436
0.72 1.44
0.722 1.444
0.724 1.448
0.726 1.452
0.728 1.456
0.73 1.46
0.732 1.464
0.734 1.468
0.736 1.472
0.738 1.476
0.74 1.48
0.742 1.484
0.744 1.488
0.746 1.492
0.748 1.496
0.75 1.5
0.752 1.504
0.754 1.508
0.756 1.512
0.758 1.516
0.76 1.52
0.762 1.524
0.764 1.528
0.766 1.532
0.768 1.536
0.77 1.54
0.772 1.544
0.774 1.548
0.776 1.552
0.778 1.556
0.78 1.56
0.782 1.564
0.784 1.568
0.786 1.572
0.788 1.576
0.79 1.58
0.792 1.584
0.794 1.588
0.796 1.592
0.798 1.596
0.8 1.6
0.802 1.604
0.804 1.608
0.806 1.612
0.808 1.616
0.81 1.62
0.812 1.624
0.814 1.628
0.816 1.632
0.818 1.636
0.82 1.64
0.822 1.644
0.824 1.648
0.826 1.652
0.828 1.656
0.83 1.66
0.832 1.664
0.834 1.668
0.836 1.672
0.838 1.676
0.84 1.68
0.842 1.684
0.844 1.688
0.846 1.692
0.848 1.696
0.85 1.7
0.852 1.704
0.854 1.708
0.856 1.712
0.858 1.716
0.86 1.72
0.862 1.724
0.864 1.728
0.866 1.732
0.868 1.736
0.87 1.74
0.872 1.744
0.874 1.748
0.876 1.752
0.878 1.756
0.88 1.76
0.882 1.764
0.884 1.768
0.886 1.772
0.888 1.776
0.89 1.78
0.892 1.784
0.894 1.788
0.896 1.792
0.898 1.796
0.9 1.8
0.902 1.804
0.904 1.808
0.906 1.812
0.908 1.816
0.91 1.82
0.912 1.824
0.914 1.828
0.916 1.832
0.918 1.836
0.92 1.84
0.922 1.844
0.924 1.848
0.926 1.852
0.928 1.856
0.93 1.86
0.932 1.864
0.934 1.868
0.936 1.872
0.938 1.876
0.94 1.88
0.942 1.884
0.944 1.888
0.946 1.892
0.948 1.896
0.95 1.9
0.952 1.904
0.954 1.908
0.956 1.912
0.958 1.916
0.96 1.92
0.962 1.924
0.964 1.928
0.966 1.932
0.968 1.936
0.97 1.94
0.972 1.944
0.974 1.948
0.976 1.952
0.978 1.956
0.98 1.96
0.982 1.964
0.984 1.968
0.986 1.972
0.988 1.976
0.99 1.98
0.992 1.984
0.994 1.988
0.996 1.992
0.998 1.996
1 2
