0 0
0.00125 0.0025
0.0025 0.005
0.00375 0.0075
0.005 0.01
0.00625 0.0125
0.0075 0.015
0.00875 0.0175
0.01 0.02
0.01125 0.0225
0.0125 0.025
0.01375 0.0275
0.015 0.03
0.01625 0.0325
0.0175 0.035
0.01875 0.0375
0.02 0.04
0.02125 0.0425
0.0225 0.045
0.02375 0.0475
0.025 0.05
0.02625 0.0525
0.0275 0.055
0.02875 0.0575
0.03 0.06
0.03125 0.0625
0.0325 0.065
0.03375 0.0675
0.035 0.07
0.03625 0.0725
0.0375 0.075
0.03875 0.0775
0.04 0.08
0.04125 0.0825
0.0425 0.085
0.04375 0.0875
0.045 0.09
0.04625 0.0925
0.0475 0.095
0.04875 0.0975
0.05 0.1
0.05125 0.1025
0.0525 0.105
0.05375 0.1075
0.055 0.11
0.05625 0.1125
0.0575 0.115
0.05875 0.1175
0.06 0.12
0.06125 0.1225
0.0625 0.125
0.06375 0.1275
0.065 0.13
0.06625 0.1325
0.0675 0.135
0.06875 0.1375
0.07 0.14
0.07125 0.1425
0.0725 0.145
0.07375 0.1475
0.075 0.15
0.07625 0.1525
0.0775 0.155
0.07875 0.1575
0.08 0.16
0.08125 0.1625
0.0825 0.165
0.08375 0.1675
0.085 0.17
0.08625 0.1725
0.0875 0.175
0.08875 0.1775
0.09 0.18
0.09125 0.1825
0.0925 0.185
0.09375 0.1875
0.095 0.19
0.09625 0.1925
0.0975 0.195
0.09875 0.1975
0.1 0.2
0.10125 0.2025
0.1025 0.205
0.10375 0.2075
0.105 0.21
0.10625 0.2125
0.1075 0.215
0.10875 0.2175
0.11 0.22
0.11125 0.2225
0.1125 0.225
0.11375 0.2275
0.115 0.23
0.11625 0.2325
0.1175 0.235
0.11875 0.2375
0.12 0.24
0.12125 0.2425
0.1225 0.245
0.12375 0.2475
0.125 0.25
0.12625 0.2525
0.1275 0.255
0.12875 0.2575
0.13 0.26
0.13125 0.2625
0.1325 0.265
0.13375 0.2675
0.135 0.27
0.13625 0.2725
0.1375 0.275
0.13875 0.2775
0.14 0.28
0.14125 0.2825
0.1425 0.285
0.14375 0.2875
0.145 0.29
0.14625 0.2925
0.1475 0.295
0.14875 0.2975
0.15 0.3
0.15125 0.3025
0.1525 0.305
0.15375 0.3075
0.155 0.31
0.15625 0.3125
0.1575 0.315
0.15875 0.3175
0.16 0.32
0.16125 0.3225
0.1625 0.325
0.16375 0.3275
0.165 0.33
0.16625 0.3325
0.1675 0.335
0.16875 0.3375
0.17 0.34
0.17125 0.3425
0.1725 0.345
0.17375 0.3475
0.175 0.35
0.17625 0.3525
0.1775 0.355
0.17875 0.3575
0.18 0.36
0.18125 0.3625
0.1825 0.365
0.18375 0.3675
0.185 0.37
0.18625 0.3725
0.1875 0.375
0.18875 0.3775
0.19 0.38
0.19125 0.3825
0.1925 0.385
0.19375 0.3875
0.195 0.39
0.19625 0.3925
0.1975 0.395
0.19875 0.3975
0.2 0.4
0.20125 0.4025
0.2025 0.405
0.20375 0.4075
0.205 0.41
0.20625 0.4125
0.2075 0.415
0.20875 0.4175
0.21 0.42
0.21125 0.4225
0.2125 0.425
0.21375 0.4275
0.215 0.43
0.21625 0.4325
0.2175 0.435
0.21875 0.4375
0.22 0.44
0.22125 0.4425
0.2225 0.445
0.22375 0.4475
0.225 0.45
0.22625 0.4525
0.2275 0.455
0.22875 0.4575
0.23 0.46
0.23125 0.4625
0.2325 0.465
0.23375 0.4675
0.235 0.47
0.23625 0.4725
0.2375 0.475
0.23875 0.4775
0.24 0.48
0.24125 0.4825
0.2425 0.485
0.24375 0.4875
0.245 0.49
0.24625 0.4925
0.2475 0.495
0.24875 0.4975
0.25 0.5
0.25125 0.5025
0.2525 0.505
0.25375 0.5075
0.255 0.51
0.25625 0.5125
0.2575 0.515
0.25875 0.5175
0.26 0.52
0.26125 0.5225
0.2625 0.525
0.26375 0.5275
0.265 0.53
0.26625 0.5325
0.2675 0.535
0.26875 0.5375
0.27 0.54
0.27125 0.5425
0.2725 0.545
0.27375 0.5475
0.275 0.55
0.27625 0.5525
0.2775 0.555
0.27875 0.5575
0.28 0.56
0.28125 0.5625
0.2825 0.565
0.28375 0.5675
0.285 0.57
0.28625 0.5725
0.2875 0.575
0.28875 0.5775
0.29 0.58
0.29125 0.5825
0.2925 0.585
0.29375 0.5875
0.295 0.59
0.29625 0.5925
0.2975 0.595
0.29875 0.5975
0.3 0.6
0.30125 0.6025
0.3025 0.605
0.30375 0.6075
0.305 0.61
0.30625 0.6125
0.3075 0.615
0.30875 0.6175
0.31 0.62
0.31125 0.6225
0.3125 0.625
0.31375 0.6275
0.315 0.63
0.31625 0.6325
0.3175 0.635
0.31875 0.6375
0.32 0.64
0.32125 0.6425
0.3225 0.645
0.32375 0.6475
0.325 0.65
0.32625 0.6525
0.3275 0.655
0.32875 0.6575
0.33 0.66
0.33125 0.6625
0.3325 0.665
0.33375 0.6675
0.335 0.67
0.33625 0.6725
0.3375 0.675
0.33875 0.6775
0.34 0.68
0.34125 0.6825
0.3425 0.685
0.34375 0.6875
0.345 0.69
0.34625 0.6925
0.3475 0.695
0.34875 0.6975
0.35 0.7
0.35125 0.7025
0.3525 0.705
0.35375 0.7075
0.355 0.71
0.35625 0.7125
0.3575 0.715
0.35875 0.7175
0.36 0.72
0.36125 0.7225
0.3625 0.725
0.36375 0.7275
0.365 0.73
0.36625 0.7325
0.3675 0.735
0.36875 0.7375
0.37 0.74
0.37125 0.7425
0.3725 0.745
0.37375 0.7475
0.375 0.75
0.37625 0.7525
0.3775 0.755
0.37875 0.7575
0.38 0.76
0.38125 0.7625
0.3825 0.765
0.38375 0.7675
0.385 0.77
0.38625 0.7725
0.3875 0.775
0.38875 0.7775
0.39 0.78
0.39125 0.7825
0.3925 0.785
0.39375 0.7875
0.395 0.79
0.39625 0.7925
0.3975 0.795
0.39875 0.7975
0.4 0.8
0.40125 0.8025
0.4025 0.805
0.40375 0.8075
0.405 0.81
0.40625 0.8125
0.4075 0.815
0.40875 0.8175
0.41 0.82
0.41125 0.8225
0.4125 0.825
0.41375 0.8275
0.415 0.83
0.41625 0.8325
0.4175 0.835
0.41875 0.8375
0.42 0.84
0.42125 0.8425
0.4225 0.845
0.42375 0.8475
0.425 0.85
0.42625 0.8525
0.4275 0.855
0.42875 0.8575
0.43 0.86
0.43125 0.8625
0.4325 0.865
0.43375 0.8675
0.435 0.87
0.43625 0.8725
0.4375 0.875
0.43875 0.8775
0.44 0.88
0.44125 0.8825
0.4425 0.885
0.44375 0.8875
0.445 0.89
0.44625 0.8925
0.4475 0.895
0.44875 0.8975
0.45 0.9
0.45125 0.9025
0.4525 0.905
0.45375 0.9075
0.455 0.91
0.45625 0.9125
0.4575 0.915
0.45875 0.9175
0.46 0.92
0.46125 0.9225
0.4625 0.925
0.46375 0.9275
0.465 0.93
0.46625 0.9325
0.4675 0.935
0.46875 0.9375
0.47 0.94
0.47125 0.9425
0.4725 0.945
0.47375 0.9475
0.475 0.95
0.47625 0.9525
0.4775 0.955
0.47875 0.9575
0.48 0.96
0.48125 0.9625
0.4825 0.965
0.48375 0.9675
0.485 0.97
0.48625 0.9725
0.4875 0.975
0.48875 0.9775
0.49 0.98
0.49125 0.9825
0.4925 0.985
0.49375 0.9875
0.495 0.99
0.49625 0.9925
0.4975 0.995
0.49875 0.9975
0.5 1
0.50125 1.0025
0.5025 1.005
0.50375 1.0075
0.505 1.01
0.50625 1.0125
0.5075 1.015
0.50875 1.0175
0.51 1.02
0.51125 1.0225
0.5125 1.025
0.51375 1.0275
0.515 1.03
0.51625 1.0325
0.5175 1.035
0.51875 1.0375
0.52 1.04
0.52125 1.0425
0.5225 1.045
0.52375 1.0475
0.525 1.05
0.52625 1.0525
0.5275 1.055
0.52875 1.0575
0.53 1.06
0.53125 1.0625
0.5325 1.065
0.53375 1.0675
0.535 1.07
0.53625 1.0725
0.5375 1.075
0.53875 1.0775
0.54 1.08
0.54125 1.0825
0.5425 1.085
0.54375 1.0875
0.545 1.09
0.54625 1.0925
0.5475 1.095
0.54875 1.0975
0.55 1.1
0.55125 1.1025
0.5525 1.105
0.55375 1.1075
0.555 1.11
0.55625 1.1125
0.5575 1.115
0.55875 1.1175
0.56 1.12
0.56125 1.1225
0.5625 1.125
0.56375 1.1275
0.565 1.13
0.56625 1.1325
0.5675 1.135
0.56875 1.1375
0.57 1.14
0.57125 1.1425
0.5725 1.145
0.57375 1.1475
0.575 1.15
0.57625 1.1525
0.5775 1.155
0.57875 1.1575
0.58 1.16
0.58125 1.1625
0.5825 1.165
0.58375 1.1675
0.585 1.17
0.58625 1.1725
0.5875 1.175
0.58875 1.1775
0.59 1.18
0.59125 1.1825
0.5925 1.185
0.59375 1.1875
0.595 1.19
0.59625 1.1925
0.5975 1.195
0.59875 1.1975
0.6 1.2
0.60125 1.2025
0.6025 1.205
0.60375 1.2075
0.605 1.21
0.60625 1.2125
0.6075 1.215
0.60875 1.2175
0.61 1.22
0.61125 1.2225
0.6125 1.225
0.61375 1.2275
0.615 1.23
0.61625 1.2325
0.6175 1.235
0.61875 1.2375
0.62 1.24
0.62125 1.2425
0.6225 1.245
0.62375 1.2475
0.625 1.25
0.62625 1.2525
0.6275 1.255
0.62875 1.2575
0.63 1.26
0.63125 1.2625
0.6325 1.265
0.63375 1.2675
0.635 1.27
0.63625 1.2725
0.6375 1.275
0.63875 1.2775
0.64 1.28
0.64125 1.2825
0.6425 1.285
0.64375 1.2875
0.645 1.29
0.64625 1.2925
0.6475 1.295
0.64875 1.2975
0.65 1.3
0.65125 1.3025
0.6525 1.305
0.65375 1.3075
0.655 1.31
0.65625 1.3125
0.6575 1.315
0.65875 1.3175
0.66 1.32
0.66125 1.3225
0.6625 1.325
0.66375 1.3275
0.665 1.33
0.66625 1.3325
0.6675 1.335
0.66875 1.3375
0.67 1.34
0.67125 1.3425
0.6725 1.345
0.67375 1.3475
0.675 1.35
0.67625 1.3525
0.6775 1.355
0.67875 1.3575
0.68 1.36
0.68125 1.3625
0.6825 1.365
0.68375 1.3675
0.685 1.37
0.68625 1.3725
0.6875 1.375
0.68875 1.3775
0.69 1.38
0.69125 1.3825
0.6925 1.385
0.69375 1.3875
0.695 1.39
0.69625 1.3925
0.6975 1.395
0.69875 1.3975
0.7 1.4
0.70125 1.4025
0.7025 1.405
0.70375 1.4075
0.705 1.41
0.70625 1.4125
0.7075 1.415
0.70875 1.4175
0.71 1.42
0.71125 1.4225
0.7125 1.425
0.71375 1.4275
0.715 1.43
0.71625 1.4325
0.7175 1.435
0.71875 1.4375
0.72 1.44
0.72125 1.4425
0.7225 1.445
0.72375 1.4475
0.725 1.45
0.72625 1.4525
0.7275 1.455
0.72875 1.4575
0.73 1.46
0.73125 1.4625
0.7325 1.465
0.73375 1.4675
0.735 1.47
0.73625 1.4725
0.7375 1.475
0.73875 1.4775
0.74 1.48
0.74125 1.4825
0.7425 1.485
0.74375 1.4875
0.745 1.49
0.74625 1.4925
0.7475 1.495
0.74875 1.4975
0.75 1.5
0.75125 1.5025
0.7525 1.505
0.75375 1.5075
0.755 1.51
0.75625 1.5125
0.7575 1.515
0.75875 1.5175
0.76 1.52
0.76125 1.5225
0.7625 1.525
0.76375 1.5275
0.765 1.53
0.76625 1.5325
0.7675 1.535
0.76875 1.5375
0.77 1.54
0.77125 1.5425
0.7725 1.545
0.77375 1.5475
0.775 1.55
0.77625 1.5525
0.7775 1.555
0.77875 1.5575
0.78 1.56
0.78125 1.5625
0.7825 1.565
0.78375 1.5675
0.785 1.57
0.78625 1.5725
0.7875 1.575
0.78875 1.5775
0.79 1.58
0.79125 1.5825
0.7925 1.585
0.79375 1.5875
0.795 1.59
0.79625 1.5925
0.7975 1.595
0.79875 1.5975
0.8 1.6
0.80125 1.6025
0.8025 1.605
0.80375 1.6075
0.805 1.61
0.80625 1.6125
0.8075 1.615
0.80875 1.6175
0.81 1.62
0.81125 1.6225
0.8125 1.625
0.81375 1.6275
0.815 1.63
0.81625 1.6325
0.8175 1.635
0.81875 1.6375
0.82 1.64
0.82125 1.6425
0.8225 1.645
0.82375 1.6475
0.825 1.65
0.82625 1.6525
0.8275 1.655
0.82875 1.6575
0.83 1.66
0.83125 1.6625
0.8325 1.665
0.83375 1.6675
0.835 1.67
0.83625 1.6725
0.8375 1.675
0.83875 1.6775
0.84 1.68
0.84125 1.6825
0.8425 1.685
0.84375 1.6875
0.845 1.69
0.84625 1.6925
0.8475 1.695
0.84875 1.6975
0.85 1.7
0.85125 1.7025
0.8525 1.705
0.85375 1.7075
0.855 1.71
0.85625 1.7125
0.8575 1.715
0.85875 1.7175
0.86 1.72
0.86125 1.7225
0.8625 1.725
0.86375 1.7275
0.865 1.73
0.86625 1.7325
0.8675 1.735
0.86875 1.7375
0.87 1.74
0.87125 1.7425
0.8725 1.745
0.87375 1.7475
0.875 1.75
0.87625 1.7525
0.8775 1.755
0.87875 1.7575
0.88 1.76
0.88125 1.7625
0.8825 1.765
0.88375 1.7675
0.885 1.77
0.88625 1.7725
0.8875 1.775
0.88875 1.7775
0.89 1.78
0.89125 1.7825
0.8925 1.785
0.89375 1.7875
0.895 1.79
0.89625 1.7925
0.8975 1.795
0.89875 1.7975
0.9 1.8
0.90125 1.8025
0.9025 1.805
0.90375 1.8075
0.905 1.81
0.90625 1.8125
0.9075 1.815
0.90875 1.8175
0.91 1.82
0.91125 1.8225
0.9125 1.825
0.91375 1.8275
0.915 1.83
0.91625 1.8325
0.9175 1.835
0.91875 1.8375
0.92 1.84
0.92125 1.8425
0.9225 1.845
0.92375 1.8475
0.925 1.85
0.92625 1.8525
0.9275 1.855
0.92875 1.8575
0.93 1.86
0.93125 1.8625
0.9325 1.865
0.93375 1.8675
0.935 1.87
0.93625 1.8725
0.9375 1.875
0.93875 1.8775
0.94 1.88
0.94125 1.8825
0.9425 1.885
0.94375 1.8875
0.945 1.89
0.94625 1.8925
0.9475 1.895
0.94875 1.8975
0.95 1.9
0.95125 1.9025
0.9525 1.905
0.95375 1.9075
0.955 1.91
0.95625 1.9125
0.9575 1.915
0.95875 1.9175
0.96 1.92
0.96125 1.9225
0.9625 1.925
0.96375 1.9275
0.965 1.93
0.96625 1.9325
0.9675 1.935
0.96875 1.9375
0.97 1.94
0.97125 1.9425
0.9725 1.945
0.97375 1.9475
0.975 1.95
0.97625 1.9525
0.9775 1.955
0.97875 1.9575
0.98 1.96
0.98125 1.9625
0.9825 1.965
0.98375 1.9675
0.985 1.97
0.98625 1.9725
0.9875 1.975
0.98875 1.9775
0.99 1.98
0.99125 1.9825
0.9925 1.985
0.99375 1.9875
0.995 1.99
0.99625 1.9925
0.9975 1.995
0.99875 1.9975
1 2
