0 0
0.0025 0.005
0.005 0.01
0.0075 0.015
0.01 0.02
0.0125 0.025
0.015 0.03
0.0175 0.035
0.02 0.04
0.0225 0.045
0.025 0.05
0.0275 0.055
0.03 0.06
0.0325 0.065
0.035 0.07
0.0375 0.075
0.04 0.08
0.0425 0.085
0.045 0.09
0.0475 0.095
0.05 0.1
0.0525 0.105
0.055 0.11
0.0575 0.115
0.06 0.12
0.0625 0.125
0.065 0.13
0.0675 0.135
0.07 0.14
0.0725 0.145
0.075 0.15
0.0775 0.155
0.08 0.16
0.0825 0.165
0.085 0.17
0.0875 0.175
0.09 0.18
0.0925 0.185
0.095 0.19
0.0975 0.195
0.1 0.2
0.1025 0.205
0.105 0.21
0.1075 0.215
0.11 0.22
0.1125 0.225
0.115 0.23
0.1175 0.235
0.12 0.24
0.1225 0.245
0.125 0.25
0.1275 0.255
0.13 0.26
0.1325 0.265
0.135 0.27
0.1375 0.275
0.14 0.28
0.1425 0.285
0.145 0.29
0.1475 0.295
0.15 0.3
0.1525 0.305
0.155 0.31
0.1575 0.315
0.16 0.32
0.1625 0.325
0.165 0.33
0.1675 0.335
0.17 0.34
0.1725 0.345
0.175 0.35
0.1775 0.355
0.18 0.36
0.1825 0.365
0.185 0.37
0.1875 0.375
0.19 0.38
0.1925 0.385
0.195 0.39
0.1975 0.395
0.2 0.4
0.2025 0.405
0.205 0.41
0.2075 0.415
0.21 0.42
0.2125 0.425
0.215 0.43
0.2175 0.435
0.22 0.44
0.2225 0.445
0.225 0.45
0.2275 0.455
0.23 0.46
0.2325 0.465
0.235 0.47
0.2375 0.475
0.24 0.48
0.2425 0.485
0.245 0.49
0.2475 0.495
0.25 0.5
0.2525 0.505
0.255 0.51
0.2575 0.515
0.26 0.52
0.2625 0.525
0.265 0.53
0.2675 0.535
0.27 0.54
0.2725 0.545
0.275 0.55
0.2775 0.555
0.28 0.56
0.2825 0.565
0.285 0.57
0.2875 0.575
0.29 0.58
0.2925 0.585
0.295 0.59
0.2975 0.595
0.3 0.6
0.3025 0.605
0.305 0.61
0.3075 0.615
0.31 0.62
0.3125 0.625
0.315 0.63
0.3175 0.635
0.32 0.64
0.3225 0.645
0.325 0.65
0.3275 0.655
0.33 0.66
0.3325 0.665
0.335 0.67
0.3375 0.675
0.34 0.68
0.3425 0.685
0.345 0.69
0.3475 0.695
0.35 0.7
0.3525 0.705
0.355 0.71
0.3575 0.715
0.36 0.72
0.3625 0.725
0.365 0.73
0.3675 0.735
0.37 0.74
0.3725 0.745
0.375 0.75
0.3775 0.755
0.38 0.76
0.3825 0.765
0.385 0.77
0.3875 0.775
0.39 0.78
0.3925 0.785
0.395 0.79
0.3975 0.795
0.4 0.8
0.4025 0.805
0.405 0.81
0.4075 0.815
0.41 0.82
0.4125 0.825
0.415 0.83
0.4175 0.835
0.42 0.84
0.4225 0.845
0.425 0.85
0.4275 0.855
0.43 0.86
0.4325 0.865
0.435 0.87
0.4375 0.875
0.44 0.88
0.4425 0.885
0.445 0.89
0.4475 0.895
0.45 0.9
0.4525 0.905
0.455 0.91
0.4575 0.915
0.46 0.92
0.4625 0.925
0.465 0.93
0.4675 0.935
0.47 0.94
0.4725 0.945
0.475 0.95
0.4775 0.955
0.48 0.96
0.4825 0.965
0.485 0.97
0.4875 0.975
0.49 0.98
0.4925 0.985
0.495 0.99
0.4975 0.995
0.5 1
0.5025 1.005
0.505 1.01
0.5075 1.015
0.51 1.02
0.5125 1.025
0.515 1.03
0.5175 1.035
0.52 1.04
0.5225 1.045
0.525 1.05
0.5275 1.055
0.53 1.06
0.5325 1.065
0.535 1.07
0.5375 1.075
0.54 1.08
0.5425 1.085
0.545 1.09
0.5475 1.095
0.55 1.1
0.5525 1.105
0.555 1.11
0.5575 1.115
0.56 1.12
0.5625 1.125
0.565 1.13
0.5675 1.135
0.57 1.14
0.5725 1.145
0.575 1.15
0.5775 1.155
0.58 1.16
0.5825 1.165
0.585 1.17
0.5875 1.175
0.59 1.18
0.5925 1.185
0.595 1.19
0.5975 1.195
0.6 1.2
0.6025 1.205
0.605 1.21
0.6075 1.215
0.61 1.22
0.6125 1.225
0.615 1.23
0.6175 1.235
0.62 1.24
0.6225 1.245
0.625 1.25
0.6275 1.255
0.63 1.26
0.6325 1.265
0.635 1.27
0.6375 1.275
0.64 1.28
0.6425 1.285
0.645 1.29
0.6475 1.295
0.65 1.3
0.6525 1.305
0.655 1.31
0.6575 1.315
0.66 1.32
0.6625 1.325
0.665 1.33
0.6675 1.335
0.67 1.34
0.6725 1.345
0.675 1.35
0.6775 1.355
0.68 1.36
0.6825 1.365
0.685 1.37
0.6875 1.375
0.69 1.38
0.6925 1.385
0.695 1.39
0.6975 1.395
0.7 1.4
0.7025 1.405
0.705 1.41
0.7075 1.415
0.71 1.42
0.7125 1.425
0.715 1.43
0.7175 1.435
0.72 1.44
0.7225 1.445
0.725 1.45
0.7275 1.455
0.73 1.46
0.7325 1.465
0.735 1.47
0.7375 1.475
0.74 1.48
0.7425 1.485
0.745 1.49
0.7475 1.495
0.75 1.5
0.7525 1.505
0.755 1.51
0.7575 1.515
0.76 1.52
0.7625 1.525
0.765 1.53
0.7675 1.535
0.77 1.54
0.7725 1.545
0.775 1.55
0.7775 1.555
0.78 1.56
0.7825 1.565
0.785 1.57
0.7875 1.575
0.79 1.58
0.7925 1.585
0.795 1.59
0.7975 1.595
0.8 1.6
0.8025 1.605
0.805 1.61
0.8075 1.615
0.81 1.62
0.8125 1.625
0.815 1.63
0.8175 1.635
0.82 1.64
0.8225 1.645
0.825 1.65
0.8275 1.655
0.83 1.66
0.8325 1.665
0.835 1.67
0.8375 1.675
0.84 1.68
0.8425 1.685
0.845 1.69
0.8475 1.695
0.85 1.7
0.8525 1.705
0.855 1.71
0.8575 1.715
0.86 1.72
0.8625 1.725
0.865 1.73
0.8675 1.735
0.87 1.74
0.8725 1.745
0.875 1.75
0.8775 1.755
0.88 1.76
0.8825 1.765
0.885 1.77
0.8875 1.775
0.89 1.78
0.8925 1.785
0.895 1.79
0.8975 1.795
0.9 1.8
0.9025 1.805
0.905 1.81
0.9075 1.815
0.91 1.82
0.9125 1.825
0.915 1.83
0.9175 1.835
0.92 1.84
0.9225 1.845
0.925 1.85
0.9275 1.855
0.93 1.86
0.9325 1.865
0.935 1.87
0.9375 1.875
0.94 1.88
0.9425 1.885
0.945 1.89
0.9475 1.895
0.95 1.9
0.9525 1.905
0.955 1.91
0.9575 1.915
0.96 1.92
0.9625 1.925
0.965 1.93
0.9675 1.935
0.97 1.94
0.9725 1.945
0.975 1.95
0.9775 1.955
0.98 1.96
0.9825 1.965
0.985 1.97
0.9875 1.975
0.99 1.98
0.9925 1.985
0.995 1.99
0.9975 1.995
1 2
