0.00125 0
0.0025 0.00230369
0.00375 0.00460738
0.005 0.00691108
0.00625 0.00921477
0.0075 0.0115185
0.00875 0.0138222
0.01 0.0161259
0.01125 0.0184296
0.0125 0.0207333
0.01375 0.023037
0.015 0.0253407
0.01625 0.0276444
0.0175 0.0299481
0.01875 0.0322518
0.02 0.0345555
0.02125 0.0368593
0.0225 0.039163
0.02375 0.0414667
0.025 0.0437705
0.02625 0.0460742
0.0275 0.048378
0.02875 0.0506818
0.03 0.0529855
0.03125 0.0552893
0.0325 0.0575931
0.03375 0.059897
0.035 0.0622008
0.03625 0.0645046
0.0375 0.0668085
0.03875 0.0691124
0.04 0.0714162
0.04125 0.0737201
0.0425 0.0760241
0.04375 0.078328
0.045 0.0806319
0.04625 0.0829359
0.0475 0.0852399
0.04875 0.0875439
0.05 0.089848
0.05125 0.092152
0.0525 0.0944561
0.05375 0.0967602
0.055 0.0990644
0.05625 0.101369
0.0575 0.103673
0.05875 0.105977
0.06 0.108281
0.06125 0.110585
0.0625 0.11289
0.06375 0.115194
0.065 0.117498
0.06625 0.119803
0.0675 0.122107
0.06875 0.124412
0.07 0.126716
0.07125 0.129021
0.0725 0.131325
0.07375 0.13363
0.075 0.135935
0.07625 0.138239
0.0775 0.140544
0.07875 0.142849
0.08 0.145154
0.08125 0.147459
0.0825 0.149764
0.08375 0.152069
0.085 0.154374
0.08625 0.156679
0.0875 0.158984
0.08875 0.161289
0.09 0.163594
0.09125 0.1659
0.0925 0.168205
0.09375 0.170511
0.095 0.172816
0.09625 0.175122
0.0975 0.177427
0.09875 0.179733
0.1 0.182039
0.10125 0.184344
0.1025 0.18665
0.10375 0.188956
0.105 0.191262
0.10625 0.193568
0.1075 0.195875
0.10875 0.198181
0.11 0.200487
0.11125 0.202793
0.1125 0.2051
0.11375 0.207406
0.115 0.209713
0.11625 0.21202
0.1175 0.214326
0.11875 0.216633
0.12 0.21894
0.12125 0.221247
0.1225 0.223554
0.12375 0.225862
0.125 0.228169
0.12625 0.230476
0.1275 0.232784
0.12875 0.235091
0.13 0.237399
0.13125 0.239707
0.1325 0.242015
0.13375 0.244323
0.135 0.246631
0.13625 0.248939
0.1375 0.251247
0.13875 0.253556
0.14 0.255864
0.14125 0.258173
0.1425 0.260482
0.14375 0.26279
0.145 0.265099
0.14625 0.267408
0.1475 0.269718
0.14875 0.272027
0.15 0.274336
0.15125 0.276646
0.1525 0.278956
0.15375 0.281265
0.155 0.283575
0.15625 0.285885
0.1575 0.288196
0.15875 0.290506
0.16 0.292816
0.16125 0.295127
0.1625 0.297438
0.16375 0.299748
0.165 0.302059
0.16625 0.304371
0.1675 0.306682
0.16875 0.308993
0.17 0.311305
0.17125 0.313616
0.1725 0.315928
0.17375 0.31824
0.175 0.320553
0.17625 0.322865
0.1775 0.325177
0.17875 0.32749
0.18 0.329803
0.18125 0.332116
0.1825 0.334429
0.18375 0.336742
0.185 0.339055
0.18625 0.341369
0.1875 0.343683
0.18875 0.345997
0.19 0.348311
0.19125 0.350625
0.1925 0.35294
0.19375 0.355254
0.195 0.357569
0.19625 0.359884
0.1975 0.362199
0.19875 0.364515
0.2 0.36683
0.20125 0.369146
0.2025 0.371462
0.20375 0.373778
0.205 0.376094
0.20625 0.378411
0.2075 0.380728
0.20875 0.383044
0.21 0.385362
0.21125 0.387679
0.2125 0.389996
0.21375 0.392314
0.215 0.394632
0.21625 0.39695
0.2175 0.399269
0.21875 0.401587
0.22 0.403906
0.22125 0.406225
0.2225 0.408544
0.22375 0.410864
0.225 0.413183
0.22625 0.415503
0.2275 0.417823
0.22875 0.420144
0.23 0.422464
0.23125 0.424785
0.2325 0.427106
0.23375 0.429427
0.235 0.431749
0.23625 0.434071
0.2375 0.436393
0.23875 0.438715
0.24 0.441037
0.24125 0.44336
0.2425 0.445683
0.24375 0.448006
0.245 0.45033
0.24625 0.452653
0.2475 0.454977
0.24875 0.457302
0.25 0.459626
0.25125 0.461951
0.2525 0.464276
0.25375 0.466601
0.255 0.468927
0.25625 0.471253
0.2575 0.473579
0.25875 0.475905
0.26 0.478232
0.26125 0.480559
0.2625 0.482886
0.26375 0.485214
0.265 0.487542
0.26625 0.48987
0.2675 0.492198
0.26875 0.494527
0.27 0.496856
0.27125 0.499185
0.2725 0.501515
0.27375 0.503845
0.275 0.506175
0.27625 0.508505
0.2775 0.510836
0.27875 0.513167
0.28 0.515498
0.28125 0.51783
0.2825 0.520162
0.28375 0.522495
0.285 0.524827
0.28625 0.52716
0.2875 0.529494
0.28875 0.531827
0.29 0.534161
0.29125 0.536495
0.2925 0.53883
0.29375 0.541165
0.295 0.5435
0.29625 0.545836
0.2975 0.548172
0.29875 0.550508
0.3 0.552845
0.30125 0.555182
0.3025 0.557519
0.30375 0.559857
0.305 0.562195
0.30625 0.564534
0.3075 0.566872
0.30875 0.569211
0.31 0.571551
0.31125 0.573891
0.3125 0.576231
0.31375 0.578572
0.315 0.580913
0.31625 0.583254
0.3175 0.585596
0.31875 0.587938
0.32 0.59028
0.32125 0.592623
0.3225 0.594966
0.32375 0.59731
0.325 0.599654
0.32625 0.601999
0.3275 0.604343
0.32875 0.606689
0.33 0.609034
0.33125 0.61138
0.3325 0.613727
0.33375 0.616073
0.335 0.618421
0.33625 0.620768
0.3375 0.623116
0.33875 0.625465
0.34 0.627814
0.34125 0.630163
0.3425 0.632513
0.34375 0.634863
0.345 0.637213
0.34625 0.639564
0.3475 0.641916
0.34875 0.644268
0.35 0.64662
0.35125 0.648973
0.3525 0.651326
0.35375 0.65368
0.355 0.656034
0.35625 0.658388
0.3575 0.660743
0.35875 0.663099
0.36 0.665454
0.36125 0.667811
0.3625 0.670168
0.36375 0.672525
0.365 0.674882
0.36625 0.677241
0.3675 0.679599
0.36875 0.681958
0.37 0.684318
0.37125 0.686678
0.3725 0.689039
0.37375 0.6914
0.375 0.693761
0.37625 0.696123
0.3775 0.698486
0.37875 0.700849
0.38 0.703212
0.38125 0.705576
0.3825 0.707941
0.38375 0.710306
0.385 0.712671
0.38625 0.715037
0.3875 0.717404
0.38875 0.719771
0.39 0.722138
0.39125 0.724506
0.3925 0.726875
0.39375 0.729244
0.395 0.731613
0.39625 0.733984
0.3975 0.736354
0.39875 0.738725
0.4 0.741097
0.40125 0.743469
0.4025 0.745842
0.40375 0.748215
0.405 0.750589
0.40625 0.752964
0.4075 0.755339
0.40875 0.757714
0.41 0.76009
0.41125 0.762467
0.4125 0.764844
0.41375 0.767222
0.415 0.7696
0.41625 0.771979
0.4175 0.774359
0.41875 0.776739
0.42 0.779119
0.42125 0.7815
0.4225 0.783882
0.42375 0.786265
0.425 0.788648
0.42625 0.791031
0.4275 0.793415
0.42875 0.7958
0.43 0.798185
0.43125 0.800571
0.4325 0.802958
0.43375 0.805345
0.435 0.807732
0.43625 0.810121
0.4375 0.81251
0.43875 0.814899
0.44 0.817289
0.44125 0.81968
0.4425 0.822072
0.44375 0.824464
0.445 0.826856
0.44625 0.82925
0.4475 0.831643
0.44875 0.834038
0.45 0.836433
0.45125 0.838829
0.4525 0.841226
0.45375 0.843623
0.455 0.84602
0.45625 0.848419
0.4575 0.850818
0.45875 0.853218
0.46 0.855618
0.46125 0.858019
0.4625 0.860421
0.46375 0.862823
0.465 0.865226
0.46625 0.86763
0.4675 0.870035
0.46875 0.87244
0.47 0.874845
0.47125 0.877252
0.4725 0.879659
0.47375 0.882067
0.475 0.884476
0.47625 0.886885
0.4775 0.889295
0.47875 0.891705
0.48 0.894117
0.48125 0.896529
0.4825 0.898941
0.48375 0.901355
0.485 0.903769
0.48625 0.906184
0.4875 0.9086
0.48875 0.911016
0.49 0.913433
0.49125 0.915851
0.4925 0.918269
0.49375 0.920689
0.495 0.923109
0.49625 0.92553
0.4975 0.927951
0.49875 0.930373
0.5 0.932796
0.50125 0.93522
0.5025 0.937645
0.50375 0.94007
0.505 0.942496
0.50625 0.944923
0.5075 0.94735
0.50875 0.949779
0.51 0.952208
0.51125 0.954638
0.5125 0.957068
0.51375 0.9595
0.515 0.961932
0.51625 0.964365
0.5175 0.966799
0.51875 0.969233
0.52 0.971669
0.52125 0.974105
0.5225 0.976542
0.52375 0.97898
0.525 0.981418
0.52625 0.983858
0.5275 0.986298
0.52875 0.988739
0.53 0.991181
0.53125 0.993623
0.5325 0.996067
0.53375 0.998511
0.535 1.00096
0.53625 1.0034
0.5375 1.00585
0.53875 1.0083
0.54 1.01075
0.54125 1.01319
0.5425 1.01565
0.54375 1.0181
0.545 1.02055
0.54625 1.023
0.5475 1.02545
0.54875 1.02791
0.55 1.03036
0.55125 1.03282
0.5525 1.03528
0.55375 1.03774
0.555 1.04019
0.55625 1.04265
0.5575 1.04512
0.55875 1.04758
0.56 1.05004
0.56125 1.0525
0.5625 1.05497
0.56375 1.05743
0.565 1.0599
0.56625 1.06236
0.5675 1.06483
0.56875 1.0673
0.57 1.06977
0.57125 1.07224
0.5725 1.07471
0.57375 1.07719
0.575 1.07966
0.57625 1.08213
0.5775 1.08461
0.57875 1.08708
0.58 1.08956
0.58125 1.09204
0.5825 1.09452
0.58375 1.097
0.585 1.09948
0.58625 1.10196
0.5875 1.10444
0.58875 1.10693
0.59 1.10941
0.59125 1.1119
0.5925 1.11439
0.59375 1.11687
0.595 1.11936
0.59625 1.12185
0.5975 1.12434
0.59875 1.12683
0.6 1.12933
0.60125 1.13182
0.6025 1.13431
0.60375 1.13681
0.605 1.13931
0.60625 1.1418
0.6075 1.1443
0.60875 1.1468
0.61 1.1493
0.61125 1.1518
0.6125 1.15431
0.61375 1.15681
0.615 1.15932
0.61625 1.16182
0.6175 1.16433
0.61875 1.16684
0.62 1.16934
0.62125 1.17185
0.6225 1.17437
0.62375 1.17688
0.625 1.17939
0.62625 1.1819
0.6275 1.18442
0.62875 1.18694
0.63 1.18945
0.63125 1.19197
0.6325 1.19449
0.63375 1.19701
0.635 1.19953
0.63625 1.20206
0.6375 1.20458
0.63875 1.20711
0.64 1.20963
0.64125 1.21216
0.6425 1.21469
0.64375 1.21722
0.645 1.21975
0.64625 1.22228
0.6475 1.22481
0.64875 1.22734
0.65 1.22988
0.65125 1.23241
0.6525 1.23495
0.65375 1.23749
0.655 1.24003
0.65625 1.24257
0.6575 1.24511
0.65875 1.24765
0.66 1.2502
0.66125 1.25274
0.6625 1.25529
0.66375 1.25784
0.665 1.26039
0.66625 1.26294
0.6675 1.26549
0.66875 1.26804
0.67 1.27059
0.67125 1.27315
0.6725 1.2757
0.67375 1.27826
0.675 1.28082
0.67625 1.28338
0.6775 1.28594
0.67875 1.2885
0.68 1.29106
0.68125 1.29362
0.6825 1.29619
0.68375 1.29876
0.685 1.30132
0.68625 1.30389
0.6875 1.30646
0.68875 1.30903
0.69 1.31161
0.69125 1.31418
0.6925 1.31676
0.69375 1.31933
0.695 1.32191
0.69625 1.32449
0.6975 1.32707
0.69875 1.32965
0.7 1.33223
0.70125 1.33482
0.7025 1.3374
0.70375 1.33999
0.705 1.34257
0.70625 1.34516
0.7075 1.34775
0.70875 1.35034
0.71 1.35294
0.71125 1.35553
0.7125 1.35813
0.71375 1.36072
0.715 1.36332
0.71625 1.36592
0.7175 1.36852
0.71875 1.37112
0.72 1.37372
0.72125 1.37633
0.7225 1.37893
0.72375 1.38154
0.725 1.38415
0.72625 1.38676
0.7275 1.38937
0.72875 1.39198
0.73 1.3946
0.73125 1.39721
0.7325 1.39983
0.73375 1.40245
0.735 1.40507
0.73625 1.40769
0.7375 1.41031
0.73875 1.41293
0.74 1.41556
0.74125 1.41818
0.7425 1.42081
0.74375 1.42344
0.745 1.42607
0.74625 1.4287
0.7475 1.43133
0.74875 1.43397
0.75 1.4366
0.75125 1.43924
0.7525 1.44188
0.75375 1.44452
0.755 1.44716
0.75625 1.4498
0.7575 1.45244
0.75875 1.45509
0.76 1.45774
0.76125 1.46039
0.7625 1.46304
0.76375 1.46569
0.765 1.46834
0.76625 1.47099
0.7675 1.47365
0.76875 1.47631
0.77 1.47896
0.77125 1.48162
0.7725 1.48429
0.77375 1.48695
0.775 1.48961
0.77625 1.49228
0.7775 1.49495
0.77875 1.49761
0.78 1.50029
0.78125 1.50296
0.7825 1.50563
0.78375 1.50831
0.785 1.51098
0.78625 1.51366
0.7875 1.51634
0.78875 1.51902
0.79 1.5217
0.79125 1.52439
0.7925 1.52707
0.79375 1.52976
0.795 1.53245
0.79625 1.53514
0.7975 1.53783
0.79875 1.54052
0.8 1.54322
0.80125 1.54591
0.8025 1.54861
0.80375 1.55131
0.805 1.55401
0.80625 1.55671
0.8075 1.55942
0.80875 1.56212
0.81 1.56483
0.81125 1.56754
0.8125 1.57025
0.81375 1.57296
0.815 1.57567
0.81625 1.57839
0.8175 1.5811
0.81875 1.58382
0.82 1.58654
0.82125 1.58926
0.8225 1.59199
0.82375 1.59471
0.825 1.59744
0.82625 1.60017
0.8275 1.60289
0.82875 1.60563
0.83 1.60836
0.83125 1.61109
0.8325 1.61383
0.83375 1.61657
0.835 1.61931
0.83625 1.62205
0.8375 1.62479
0.83875 1.62754
0.84 1.63028
0.84125 1.63303
0.8425 1.63578
0.84375 1.63853
0.845 1.64128
0.84625 1.64404
0.8475 1.64679
0.84875 1.64955
0.85 1.65231
0.85125 1.65507
0.8525 1.65783
0.85375 1.6606
0.855 1.66337
0.85625 1.66613
0.8575 1.6689
0.85875 1.67168
0.86 1.67445
0.86125 1.67722
0.8625 1.68
0.86375 1.68278
0.865 1.68556
0.86625 1.68834
0.8675 1.69113
0.86875 1.69391
0.87 1.6967
0.87125 1.69949
0.8725 1.70228
0.87375 1.70507
0.875 1.70787
0.87625 1.71066
0.8775 1.71346
0.87875 1.71626
0.88 1.71906
0.88125 1.72186
0.8825 1.72467
0.88375 1.72748
0.885 1.73029
0.88625 1.7331
0.8875 1.73591
0.88875 1.73872
0.89 1.74154
0.89125 1.74436
0.8925 1.74718
0.89375 1.75
0.895 1.75282
0.89625 1.75565
0.8975 1.75847
0.89875 1.7613
0.9 1.76413
0.90125 1.76697
0.9025 1.7698
0.90375 1.77264
0.905 1.77548
0.90625 1.77832
0.9075 1.78116
0.90875 1.784
0.91 1.78685
0.91125 1.7897
0.9125 1.79255
0.91375 1.7954
0.915 1.79825
0.91625 1.80111
0.9175 1.80396
0.91875 1.80682
0.92 1.80969
0.92125 1.81255
0.9225 1.81541
0.92375 1.81828
0.925 1.82115
0.92625 1.82402
0.9275 1.82689
0.92875 1.82977
0.93 1.83264
0.93125 1.83552
0.9325 1.8384
0.93375 1.84129
0.935 1.84417
0.93625 1.84706
0.9375 1.84995
0.93875 1.85284
0.94 1.85573
0.94125 1.85862
0.9425 1.86152
0.94375 1.86442
0.945 1.86732
0.94625 1.87022
0.9475 1.87313
0.94875 1.87603
0.95 1.87894
0.95125 1.88185
0.9525 1.88477
0.95375 1.88768
0.955 1.8906
0.95625 1.89352
0.9575 1.89644
0.95875 1.89936
0.96 1.90229
0.96125 1.90521
0.9625 1.90814
0.96375 1.91107
0.965 1.91401
0.96625 1.91694
0.9675 1.91988
0.96875 1.92282
0.97 1.92576
0.97125 1.92871
0.9725 1.93165
0.97375 1.9346
0.975 1.93755
0.97625 1.9405
0.9775 1.94346
0.97875 1.94641
0.98 1.94937
0.98125 1.95233
0.9825 1.9553
0.98375 1.95826
0.985 1.96123
0.98625 1.9642
0.9875 1.96717
0.98875 1.97014
0.99 1.97312
0.99125 1.9761
0.9925 1.97908
0.99375 1.98206
0.995 1.98504
0.99625 1.98803
0.9975 1.99102
0.99875 1.99401
1 1.997
1 2
