0.01 0
0.02 0.0184296
0.03 0.0368593
0.04 0.0552893
0.05 0.0737201
0.06 0.092152
0.07 0.110585
0.08 0.129021
0.09 0.147459
0.1 0.1659
0.11 0.184344
0.12 0.202793
0.13 0.221247
0.14 0.239707
0.15 0.258173
0.16 0.276646
0.17 0.295127
0.18 0.313616
0.19 0.332116
0.2 0.350625
0.21 0.369146
0.22 0.387679
0.23 0.406225
0.24 0.424785
0.25 0.44336
0.26 0.461951
0.27 0.480559
0.28 0.499185
0.29 0.51783
0.3 0.536495
0.31 0.555182
0.32 0.573891
0.33 0.592623
0.34 0.61138
0.35 0.630163
0.36 0.648973
0.37 0.667811
0.38 0.686678
0.39 0.705576
0.4 0.724506
0.41 0.743469
0.42 0.762467
0.43 0.7815
0.44 0.800571
0.45 0.81968
0.46 0.838829
0.47 0.858019
0.48 0.877252
0.49 0.896529
0.5 0.915851
0.51 0.93522
0.52 0.954638
0.53 0.974105
0.54 0.993623
0.55 1.01319
0.56 1.03282
0.57 1.0525
0.58 1.07224
0.59 1.09204
0.6 1.1119
0.61 1.13182
0.62 1.1518
0.63 1.17185
0.64 1.19197
0.65 1.21216
0.66 1.23241
0.67 1.25274
0.68 1.27315
0.69 1.29362
0.7 1.31418
0.71 1.33482
0.72 1.35553
0.73 1.37633
0.74 1.39721
0.75 1.41818
0.76 1.43924
0.77 1.46039
0.78 1.48162
0.79 1.50296
0.8 1.52439
0.81 1.54591
0.82 1.56754
0.83 1.58926
0.84 1.61109
0.85 1.63303
0.86 1.65507
0.87 1.67722
0.88 1.69949
0.89 1.72186
0.9 1.74436
0.91 1.76697
0.92 1.7897
0.93 1.81255
0.94 1.83552
0.95 1.85862
0.96 1.88185
0.97 1.90521
0.98 1.92871
0.99 1.95233
1 1.9761
1 2
