0.0025 0
0.005 0.00460738
0.0075 0.00921477
0.01 0.0138222
0.0125 0.0184296
0.015 0.023037
0.0175 0.0276444
0.02 0.0322518
0.0225 0.0368593
0.025 0.0414667
0.0275 0.0460742
0.03 0.0506818
0.0325 0.0552893
0.035 0.059897
0.0375 0.0645046
0.04 0.0691124
0.0425 0.0737201
0.045 0.078328
0.0475 0.0829359
0.05 0.0875439
0.0525 0.092152
0.055 0.0967602
0.0575 0.101369
0.06 0.105977
0.0625 0.110585
0.065 0.115194
0.0675 0.119803
0.07 0.124412
0.0725 0.129021
0.075 0.13363
0.0775 0.138239
0.08 0.142849
0.0825 0.147459
0.085 0.152069
0.0875 0.156679
0.09 0.161289
0.0925 0.1659
0.095 0.170511
0.0975 0.175122
0.1 0.179733
0.1025 0.184344
0.105 0.188956
0.1075 0.193568
0.11 0.198181
0.1125 0.202793
0.115 0.207406
0.1175 0.21202
0.12 0.216633
0.1225 0.221247
0.125 0.225862
0.1275 0.230476
0.13 0.235091
0.1325 0.239707
0.135 0.244323
0.1375 0.248939
0.14 0.253556
0.1425 0.258173
0.145 0.26279
0.1475 0.267408
0.15 0.272027
0.1525 0.276646
0.155 0.281265
0.1575 0.285885
0.16 0.290506
0.1625 0.295127
0.165 0.299748
0.1675 0.304371
0.17 0.308993
0.1725 0.313616
0.175 0.31824
0.1775 0.322865
0.18 0.32749
0.1825 0.332116
0.185 0.336742
0.1875 0.341369
0.19 0.345997
0.1925 0.350625
0.195 0.355254
0.1975 0.359884
0.2 0.364515
0.2025 0.369146
0.205 0.373778
0.2075 0.378411
0.21 0.383044
0.2125 0.387679
0.215 0.392314
0.2175 0.39695
0.22 0.401587
0.2225 0.406225
0.225 0.410864
0.2275 0.415503
0.23 0.420144
0.2325 0.424785
0.235 0.429427
0.2375 0.434071
0.24 0.438715
0.2425 0.44336
0.245 0.448006
0.2475 0.452653
0.25 0.457302
0.2525 0.461951
0.255 0.466601
0.2575 0.471253
0.26 0.475905
0.2625 0.480559
0.265 0.485214
0.2675 0.48987
0.27 0.494527
0.2725 0.499185
0.275 0.503845
0.2775 0.508505
0.28 0.513167
0.2825 0.51783
0.285 0.522495
0.2875 0.52716
0.29 0.531827
0.2925 0.536495
0.295 0.541165
0.2975 0.545836
0.3 0.550508
0.3025 0.555182
0.305 0.559857
0.3075 0.564534
0.31 0.569211
0.3125 0.573891
0.315 0.578572
0.3175 0.583254
0.32 0.587938
0.3225 0.592623
0.325 0.59731
0.3275 0.601999
0.33 0.606689
0.3325 0.61138
0.335 0.616073
0.3375 0.620768
0.34 0.625465
0.3425 0.630163
0.345 0.634863
0.3475 0.639564
0.35 0.644268
0.3525 0.648973
0.355 0.65368
0.3575 0.658388
0.36 0.663099
0.3625 0.667811
0.365 0.672525
0.3675 0.677241
0.37 0.681958
0.3725 0.686678
0.375 0.6914
0.3775 0.696123
0.38 0.700849
0.3825 0.705576
0.385 0.710306
0.3875 0.715037
0.39 0.719771
0.3925 0.724506
0.395 0.729244
0.3975 0.733984
0.4 0.738725
0.4025 0.743469
0.405 0.748215
0.4075 0.752964
0.41 0.757714
0.4125 0.762467
0.415 0.767222
0.4175 0.771979
0.42 0.776739
0.4225 0.7815
0.425 0.786265
0.4275 0.791031
0.43 0.7958
0.4325 0.800571
0.435 0.805345
0.4375 0.810121
0.44 0.814899
0.4425 0.81968
0.445 0.824464
0.4475 0.82925
0.45 0.834038
0.4525 0.838829
0.455 0.843623
0.4575 0.848419
0.46 0.853218
0.4625 0.858019
0.465 0.862823
0.4675 0.86763
0.47 0.87244
0.4725 0.877252
0.475 0.882067
0.4775 0.886885
0.48 0.891705
0.4825 0.896529
0.485 0.901355
0.4875 0.906184
0.49 0.911016
0.4925 0.915851
0.495 0.920689
0.4975 0.92553
0.5 0.930373
0.5025 0.93522
0.505 0.94007
0.5075 0.944923
0.51 0.949779
0.5125 0.954638
0.515 0.9595
0.5175 0.964365
0.52 0.969233
0.5225 0.974105
0.525 0.97898
0.5275 0.983858
0.53 0.988739
0.5325 0.993623
0.535 0.998511
0.5375 1.0034
0.54 1.0083
0.5425 1.01319
0.545 1.0181
0.5475 1.023
0.55 1.02791
0.5525 1.03282
0.555 1.03774
0.5575 1.04265
0.56 1.04758
0.5625 1.0525
0.565 1.05743
0.5675 1.06236
0.57 1.0673
0.5725 1.07224
0.575 1.07719
0.5775 1.08213
0.58 1.08708
0.5825 1.09204
0.585 1.097
0.5875 1.10196
0.59 1.10693
0.5925 1.1119
0.595 1.11687
0.5975 1.12185
0.6 1.12683
0.6025 1.13182
0.605 1.13681
0.6075 1.1418
0.61 1.1468
0.6125 1.1518
0.615 1.15681
0.6175 1.16182
0.62 1.16684
0.6225 1.17185
0.625 1.17688
0.6275 1.1819
0.63 1.18694
0.6325 1.19197
0.635 1.19701
0.6375 1.20206
0.64 1.20711
0.6425 1.21216
0.645 1.21722
0.6475 1.22228
0.65 1.22734
0.6525 1.23241
0.655 1.23749
0.6575 1.24257
0.66 1.24765
0.6625 1.25274
0.665 1.25784
0.6675 1.26294
0.67 1.26804
0.6725 1.27315
0.675 1.27826
0.6775 1.28338
0.68 1.2885
0.6825 1.29362
0.685 1.29876
0.6875 1.30389
0.69 1.30903
0.6925 1.31418
0.695 1.31933
0.6975 1.32449
0.7 1.32965
0.7025 1.33482
0.705 1.33999
0.7075 1.34516
0.71 1.35034
0.7125 1.35553
0.715 1.36072
0.7175 1.36592
0.72 1.37112
0.7225 1.37633
0.725 1.38154
0.7275 1.38676
0.73 1.39198
0.7325 1.39721
0.735 1.40245
0.7375 1.40769
0.74 1.41293
0.7425 1.41818
0.745 1.42344
0.7475 1.4287
0.75 1.43397
0.7525 1.43924
0.755 1.44452
0.7575 1.4498
0.76 1.45509
0.7625 1.46039
0.765 1.46569
0.7675 1.47099
0.77 1.47631
0.7725 1.48162
0.775 1.48695
0.7775 1.49228
0.78 1.49761
0.7825 1.50296
0.785 1.50831
0.7875 1.51366
0.79 1.51902
0.7925 1.52439
0.795 1.52976
0.7975 1.53514
0.8 1.54052
0.8025 1.54591
0.805 1.55131
0.8075 1.55671
0.81 1.56212
0.8125 1.56754
0.815 1.57296
0.8175 1.57839
0.82 1.58382
0.8225 1.58926
0.825 1.59471
0.8275 1.60017
0.83 1.60563
0.8325 1.61109
0.835 1.61657
0.8375 1.62205
0.84 1.62754
0.8425 1.63303
0.845 1.63853
0.8475 1.64404
0.85 1.64955
0.8525 1.65507
0.855 1.6606
0.8575 1.66613
0.86 1.67168
0.8625 1.67722
0.865 1.68278
0.8675 1.68834
0.87 1.69391
0.8725 1.69949
0.875 1.70507
0.8775 1.71066
0.88 1.71626
0.8825 1.72186
0.885 1.72748
0.8875 1.7331
0.89 1.73872
0.8925 1.74436
0.895 1.75
0.8975 1.75565
0.9 1.7613
0.9025 1.76697
0.905 1.77264
0.9075 1.77832
0.91 1.784
0.9125 1.7897
0.915 1.7954
0.9175 1.80111
0.92 1.80682
0.9225 1.81255
0.925 1.81828
0.9275 1.82402
0.93 1.82977
0.9325 1.83552
0.935 1.84129
0.9375 1.84706
0.94 1.85284
0.9425 1.85862
0.945 1.86442
0.9475 1.87022
0.95 1.87603
0.9525 1.88185
0.955 1.88768
0.9575 1.89352
0.96 1.89936
0.9625 1.90521
0.965 1.91107
0.9675 1.91694
0.97 1.92282
0.9725 1.92871
0.975 1.9346
0.9775 1.9405
0.98 1.94641
0.9825 1.95233
0.985 1.95826
0.9875 1.9642
0.99 1.97014
0.9925 1.9761
0.995 1.98206
0.9975 1.98803
1 1.99401
1 2
