0.002 0
0.004 0.00368591
0.006 0.00737182
0.008 0.0110577
0.01 0.0147436
0.012 0.0184296
0.014 0.0221155
0.016 0.0258014
0.018 0.0294873
0.02 0.0331733
0.022 0.0368593
0.024 0.0405452
0.026 0.0442312
0.028 0.0479172
0.03 0.0516033
0.032 0.0552893
0.034 0.0589754
0.036 0.0626616
0.038 0.0663477
0.04 0.0700339
0.042 0.0737201
0.044 0.0774064
0.046 0.0810927
0.048 0.0847791
0.05 0.0884655
0.052 0.092152
0.054 0.0958386
0.056 0.0995252
0.058 0.103212
0.06 0.106899
0.062 0.110585
0.064 0.114272
0.066 0.117959
0.068 0.121646
0.07 0.125334
0.072 0.129021
0.074 0.132708
0.076 0.136396
0.078 0.140083
0.08 0.143771
0.082 0.147459
0.084 0.151147
0.086 0.154835
0.088 0.158523
0.09 0.162211
0.092 0.1659
0.094 0.169588
0.096 0.173277
0.098 0.176966
0.1 0.180655
0.102 0.184344
0.104 0.188034
0.106 0.191723
0.108 0.195413
0.11 0.199103
0.112 0.202793
0.114 0.206484
0.116 0.210174
0.118 0.213865
0.12 0.217556
0.122 0.221247
0.124 0.224939
0.126 0.22863
0.128 0.232322
0.13 0.236015
0.132 0.239707
0.134 0.2434
0.136 0.247092
0.138 0.250786
0.14 0.254479
0.142 0.258173
0.144 0.261867
0.146 0.265561
0.148 0.269256
0.15 0.272951
0.152 0.276646
0.154 0.280341
0.156 0.284037
0.158 0.287733
0.16 0.29143
0.162 0.295127
0.164 0.298824
0.166 0.302522
0.168 0.30622
0.17 0.309918
0.172 0.313616
0.174 0.317316
0.176 0.321015
0.178 0.324715
0.18 0.328415
0.182 0.332116
0.184 0.335817
0.186 0.339518
0.188 0.34322
0.19 0.346922
0.192 0.350625
0.194 0.354328
0.196 0.358032
0.198 0.361736
0.2 0.365441
0.202 0.369146
0.204 0.372852
0.206 0.376558
0.208 0.380264
0.21 0.383971
0.212 0.387679
0.214 0.391387
0.216 0.395096
0.218 0.398805
0.22 0.402515
0.222 0.406225
0.224 0.409936
0.226 0.413647
0.228 0.417359
0.23 0.421072
0.232 0.424785
0.234 0.428499
0.236 0.432213
0.238 0.435928
0.24 0.439644
0.242 0.44336
0.244 0.447077
0.246 0.450794
0.248 0.454513
0.25 0.458232
0.252 0.461951
0.254 0.465671
0.256 0.469392
0.258 0.473114
0.26 0.476836
0.262 0.480559
0.264 0.484283
0.266 0.488007
0.268 0.491732
0.27 0.495458
0.272 0.499185
0.274 0.502913
0.276 0.506641
0.278 0.51037
0.28 0.5141
0.282 0.51783
0.284 0.521562
0.286 0.525294
0.288 0.529027
0.29 0.532761
0.292 0.536495
0.294 0.540231
0.296 0.543967
0.298 0.547705
0.3 0.551443
0.302 0.555182
0.304 0.558922
0.306 0.562663
0.308 0.566405
0.31 0.570147
0.312 0.573891
0.314 0.577635
0.316 0.581381
0.318 0.585127
0.32 0.588875
0.322 0.592623
0.324 0.596373
0.326 0.600123
0.328 0.603874
0.33 0.607627
0.332 0.61138
0.334 0.615135
0.336 0.61889
0.338 0.622647
0.34 0.626404
0.342 0.630163
0.344 0.633923
0.346 0.637684
0.348 0.641446
0.35 0.645209
0.352 0.648973
0.354 0.652738
0.356 0.656504
0.358 0.660272
0.36 0.664041
0.362 0.667811
0.364 0.671582
0.366 0.675354
0.368 0.679128
0.37 0.682902
0.372 0.686678
0.374 0.690455
0.376 0.694234
0.378 0.698013
0.38 0.701794
0.382 0.705576
0.384 0.70936
0.386 0.713144
0.388 0.71693
0.39 0.720718
0.392 0.724506
0.394 0.728296
0.396 0.732087
0.398 0.73588
0.4 0.739674
0.402 0.743469
0.404 0.747266
0.406 0.751064
0.408 0.754864
0.41 0.758665
0.412 0.762467
0.414 0.766271
0.416 0.770076
0.418 0.773883
0.42 0.777691
0.422 0.7815
0.424 0.785312
0.426 0.789124
0.428 0.792938
0.43 0.796754
0.432 0.800571
0.434 0.80439
0.436 0.80821
0.438 0.812032
0.44 0.815855
0.442 0.81968
0.444 0.823507
0.446 0.827335
0.448 0.831165
0.45 0.834996
0.452 0.838829
0.454 0.842664
0.456 0.8465
0.458 0.850338
0.46 0.854178
0.462 0.858019
0.464 0.861862
0.466 0.865707
0.468 0.869554
0.47 0.873402
0.472 0.877252
0.474 0.881104
0.476 0.884957
0.478 0.888813
0.48 0.89267
0.482 0.896529
0.484 0.900389
0.486 0.904252
0.488 0.908117
0.49 0.911983
0.492 0.915851
0.494 0.919721
0.496 0.923593
0.498 0.927467
0.5 0.931342
0.502 0.93522
0.504 0.9391
0.506 0.942981
0.508 0.946865
0.51 0.95075
0.512 0.954638
0.514 0.958527
0.516 0.962418
0.518 0.966312
0.52 0.970207
0.522 0.974105
0.524 0.978004
0.526 0.981906
0.528 0.98581
0.53 0.989716
0.532 0.993623
0.534 0.997533
0.536 1.00145
0.538 1.00536
0.54 1.00928
0.542 1.01319
0.544 1.01712
0.546 1.02104
0.548 1.02496
0.55 1.02889
0.552 1.03282
0.554 1.03675
0.556 1.04069
0.558 1.04462
0.56 1.04856
0.562 1.0525
0.564 1.05645
0.566 1.06039
0.568 1.06434
0.57 1.06829
0.572 1.07224
0.574 1.0762
0.576 1.08015
0.578 1.08411
0.58 1.08808
0.582 1.09204
0.584 1.09601
0.586 1.09998
0.588 1.10395
0.59 1.10792
0.592 1.1119
0.594 1.11588
0.596 1.11986
0.598 1.12384
0.6 1.12783
0.602 1.13182
0.604 1.13581
0.606 1.13981
0.608 1.1438
0.61 1.1478
0.612 1.1518
0.614 1.15581
0.616 1.15982
0.618 1.16383
0.62 1.16784
0.622 1.17185
0.624 1.17587
0.626 1.17989
0.628 1.18392
0.63 1.18794
0.632 1.19197
0.634 1.196
0.636 1.20004
0.638 1.20408
0.64 1.20812
0.642 1.21216
0.644 1.2162
0.646 1.22025
0.648 1.2243
0.65 1.22836
0.652 1.23241
0.654 1.23647
0.656 1.24054
0.658 1.2446
0.66 1.24867
0.662 1.25274
0.664 1.25682
0.666 1.2609
0.668 1.26498
0.67 1.26906
0.672 1.27315
0.674 1.27724
0.676 1.28133
0.678 1.28542
0.68 1.28952
0.682 1.29362
0.684 1.29773
0.686 1.30184
0.688 1.30595
0.69 1.31006
0.692 1.31418
0.694 1.3183
0.696 1.32242
0.698 1.32655
0.7 1.33068
0.702 1.33482
0.704 1.33895
0.706 1.34309
0.708 1.34723
0.71 1.35138
0.712 1.35553
0.714 1.35968
0.716 1.36384
0.718 1.368
0.72 1.37216
0.722 1.37633
0.724 1.3805
0.726 1.38467
0.728 1.38885
0.73 1.39303
0.732 1.39721
0.734 1.4014
0.736 1.40559
0.738 1.40978
0.74 1.41398
0.742 1.41818
0.744 1.42239
0.746 1.42659
0.748 1.4308
0.75 1.43502
0.752 1.43924
0.754 1.44346
0.756 1.44769
0.758 1.45192
0.76 1.45615
0.762 1.46039
0.764 1.46463
0.766 1.46887
0.768 1.47312
0.77 1.47737
0.772 1.48162
0.774 1.48588
0.776 1.49015
0.778 1.49441
0.78 1.49868
0.782 1.50296
0.784 1.50723
0.786 1.51152
0.788 1.5158
0.79 1.52009
0.792 1.52439
0.794 1.52868
0.796 1.53298
0.798 1.53729
0.8 1.5416
0.802 1.54591
0.804 1.55023
0.806 1.55455
0.808 1.55887
0.81 1.5632
0.812 1.56754
0.814 1.57187
0.816 1.57622
0.818 1.58056
0.82 1.58491
0.822 1.58926
0.824 1.59362
0.826 1.59798
0.828 1.60235
0.83 1.60672
0.832 1.61109
0.834 1.61547
0.836 1.61985
0.838 1.62424
0.84 1.62863
0.842 1.63303
0.844 1.63743
0.846 1.64183
0.848 1.64624
0.85 1.65065
0.852 1.65507
0.854 1.65949
0.856 1.66392
0.858 1.66835
0.86 1.67278
0.862 1.67722
0.864 1.68167
0.866 1.68612
0.868 1.69057
0.87 1.69503
0.872 1.69949
0.874 1.70395
0.876 1.70842
0.878 1.7129
0.88 1.71738
0.882 1.72186
0.884 1.72635
0.886 1.73085
0.888 1.73535
0.89 1.73985
0.892 1.74436
0.894 1.74887
0.896 1.75339
0.898 1.75791
0.9 1.76244
0.902 1.76697
0.904 1.7715
0.906 1.77604
0.908 1.78059
0.91 1.78514
0.912 1.7897
0.914 1.79426
0.916 1.79882
0.918 1.80339
0.92 1.80797
0.922 1.81255
0.924 1.81713
0.926 1.82172
0.928 1.82632
0.93 1.83092
0.932 1.83552
0.934 1.84013
0.936 1.84475
0.938 1.84937
0.94 1.85399
0.942 1.85862
0.944 1.86326
0.946 1.8679
0.948 1.87255
0.95 1.8772
0.952 1.88185
0.954 1.88652
0.956 1.89118
0.958 1.89585
0.96 1.90053
0.962 1.90521
0.964 1.9099
0.966 1.91459
0.968 1.91929
0.97 1.924
0.972 1.92871
0.974 1.93342
0.976 1.93814
0.978 1.94287
0.98 1.9476
0.982 1.95233
0.984 1.95707
0.986 1.96182
0.988 1.96657
0.99 1.97133
0.992 1.9761
0.994 1.98087
0.996 1.98564
0.998 1.99042
1 1.99521
1 2
