0.001 0
0.002 0.00184295
0.003 0.00368591
0.004 0.00552886
0.005 0.00737182
0.006 0.00921477
0.007 0.0110577
0.008 0.0129007
0.009 0.0147436
0.01 0.0165866
0.011 0.0184296
0.012 0.0202725
0.013 0.0221155
0.014 0.0239584
0.015 0.0258014
0.016 0.0276444
0.017 0.0294873
0.018 0.0313303
0.019 0.0331733
0.02 0.0350163
0.021 0.0368593
0.022 0.0387022
0.023 0.0405452
0.024 0.0423882
0.025 0.0442312
0.026 0.0460742
0.027 0.0479172
0.028 0.0497603
0.029 0.0516033
0.03 0.0534463
0.031 0.0552893
0.032 0.0571324
0.033 0.0589754
0.034 0.0608185
0.035 0.0626616
0.036 0.0645046
0.037 0.0663477
0.038 0.0681908
0.039 0.0700339
0.04 0.071877
0.041 0.0737201
0.042 0.0755633
0.043 0.0774064
0.044 0.0792496
0.045 0.0810927
0.046 0.0829359
0.047 0.0847791
0.048 0.0866223
0.049 0.0884655
0.05 0.0903088
0.051 0.092152
0.052 0.0939953
0.053 0.0958386
0.054 0.0976819
0.055 0.0995252
0.056 0.101369
0.057 0.103212
0.058 0.105055
0.059 0.106899
0.06 0.108742
0.061 0.110585
0.062 0.112429
0.063 0.114272
0.064 0.116116
0.065 0.117959
0.066 0.119803
0.067 0.121646
0.068 0.12349
0.069 0.125334
0.07 0.127177
0.071 0.129021
0.072 0.130865
0.073 0.132708
0.074 0.134552
0.075 0.136396
0.076 0.138239
0.077 0.140083
0.078 0.141927
0.079 0.143771
0.08 0.145615
0.081 0.147459
0.082 0.149303
0.083 0.151147
0.084 0.152991
0.085 0.154835
0.086 0.156679
0.087 0.158523
0.088 0.160367
0.089 0.162211
0.09 0.164056
0.091 0.1659
0.092 0.167744
0.093 0.169588
0.094 0.171433
0.095 0.173277
0.096 0.175122
0.097 0.176966
0.098 0.178811
0.099 0.180655
0.1 0.1825
0.101 0.184344
0.102 0.186189
0.103 0.188034
0.104 0.189879
0.105 0.191723
0.106 0.193568
0.107 0.195413
0.108 0.197258
0.109 0.199103
0.11 0.200948
0.111 0.202793
0.112 0.204639
0.113 0.206484
0.114 0.208329
0.115 0.210174
0.116 0.21202
0.117 0.213865
0.118 0.215711
0.119 0.217556
0.12 0.219402
0.121 0.221247
0.122 0.223093
0.123 0.224939
0.124 0.226785
0.125 0.22863
0.126 0.230476
0.127 0.232322
0.128 0.234168
0.129 0.236015
0.13 0.237861
0.131 0.239707
0.132 0.241553
0.133 0.2434
0.134 0.245246
0.135 0.247092
0.136 0.248939
0.137 0.250786
0.138 0.252632
0.139 0.254479
0.14 0.256326
0.141 0.258173
0.142 0.26002
0.143 0.261867
0.144 0.263714
0.145 0.265561
0.146 0.267408
0.147 0.269256
0.148 0.271103
0.149 0.272951
0.15 0.274798
0.151 0.276646
0.152 0.278494
0.153 0.280341
0.154 0.282189
0.155 0.284037
0.156 0.285885
0.157 0.287733
0.158 0.289582
0.159 0.29143
0.16 0.293278
0.161 0.295127
0.162 0.296975
0.163 0.298824
0.164 0.300673
0.165 0.302522
0.166 0.304371
0.167 0.30622
0.168 0.308069
0.169 0.309918
0.17 0.311767
0.171 0.313616
0.172 0.315466
0.173 0.317316
0.174 0.319165
0.175 0.321015
0.176 0.322865
0.177 0.324715
0.178 0.326565
0.179 0.328415
0.18 0.330265
0.181 0.332116
0.182 0.333966
0.183 0.335817
0.184 0.337667
0.185 0.339518
0.186 0.341369
0.187 0.34322
0.188 0.345071
0.189 0.346922
0.19 0.348774
0.191 0.350625
0.192 0.352477
0.193 0.354328
0.194 0.35618
0.195 0.358032
0.196 0.359884
0.197 0.361736
0.198 0.363589
0.199 0.365441
0.2 0.367293
0.201 0.369146
0.202 0.370999
0.203 0.372852
0.204 0.374705
0.205 0.376558
0.206 0.378411
0.207 0.380264
0.208 0.382118
0.209 0.383971
0.21 0.385825
0.211 0.387679
0.212 0.389533
0.213 0.391387
0.214 0.393241
0.215 0.395096
0.216 0.39695
0.217 0.398805
0.218 0.40066
0.219 0.402515
0.22 0.40437
0.221 0.406225
0.222 0.40808
0.223 0.409936
0.224 0.411791
0.225 0.413647
0.226 0.415503
0.227 0.417359
0.228 0.419215
0.229 0.421072
0.23 0.422928
0.231 0.424785
0.232 0.426642
0.233 0.428499
0.234 0.430356
0.235 0.432213
0.236 0.434071
0.237 0.435928
0.238 0.437786
0.239 0.439644
0.24 0.441502
0.241 0.44336
0.242 0.445218
0.243 0.447077
0.244 0.448936
0.245 0.450794
0.246 0.452653
0.247 0.454513
0.248 0.456372
0.249 0.458232
0.25 0.460091
0.251 0.461951
0.252 0.463811
0.253 0.465671
0.254 0.467532
0.255 0.469392
0.256 0.471253
0.257 0.473114
0.258 0.474975
0.259 0.476836
0.26 0.478697
0.261 0.480559
0.262 0.482421
0.263 0.484283
0.264 0.486145
0.265 0.488007
0.266 0.48987
0.267 0.491732
0.268 0.493595
0.269 0.495458
0.27 0.497322
0.271 0.499185
0.272 0.501049
0.273 0.502913
0.274 0.504777
0.275 0.506641
0.276 0.508505
0.277 0.51037
0.278 0.512235
0.279 0.5141
0.28 0.515965
0.281 0.51783
0.282 0.519696
0.283 0.521562
0.284 0.523428
0.285 0.525294
0.286 0.52716
0.287 0.529027
0.288 0.530894
0.289 0.532761
0.29 0.534628
0.291 0.536495
0.292 0.538363
0.293 0.540231
0.294 0.542099
0.295 0.543967
0.296 0.545836
0.297 0.547705
0.298 0.549574
0.299 0.551443
0.3 0.553312
0.301 0.555182
0.302 0.557052
0.303 0.558922
0.304 0.560792
0.305 0.562663
0.306 0.564534
0.307 0.566405
0.308 0.568276
0.309 0.570147
0.31 0.572019
0.311 0.573891
0.312 0.575763
0.313 0.577635
0.314 0.579508
0.315 0.581381
0.316 0.583254
0.317 0.585127
0.318 0.587001
0.319 0.588875
0.32 0.590749
0.321 0.592623
0.322 0.594498
0.323 0.596373
0.324 0.598248
0.325 0.600123
0.326 0.601999
0.327 0.603874
0.328 0.60575
0.329 0.607627
0.33 0.609503
0.331 0.61138
0.332 0.613257
0.333 0.615135
0.334 0.617012
0.335 0.61889
0.336 0.620768
0.337 0.622647
0.338 0.624525
0.339 0.626404
0.34 0.628283
0.341 0.630163
0.342 0.632043
0.343 0.633923
0.344 0.635803
0.345 0.637684
0.346 0.639564
0.347 0.641446
0.348 0.643327
0.349 0.645209
0.35 0.647091
0.351 0.648973
0.352 0.650855
0.353 0.652738
0.354 0.654621
0.355 0.656504
0.356 0.658388
0.357 0.660272
0.358 0.662156
0.359 0.664041
0.36 0.665926
0.361 0.667811
0.362 0.669696
0.363 0.671582
0.364 0.673468
0.365 0.675354
0.366 0.677241
0.367 0.679128
0.368 0.681015
0.369 0.682902
0.37 0.68479
0.371 0.686678
0.372 0.688567
0.373 0.690455
0.374 0.692344
0.375 0.694234
0.376 0.696123
0.377 0.698013
0.378 0.699903
0.379 0.701794
0.38 0.703685
0.381 0.705576
0.382 0.707468
0.383 0.70936
0.384 0.711252
0.385 0.713144
0.386 0.715037
0.387 0.71693
0.388 0.718824
0.389 0.720718
0.39 0.722612
0.391 0.724506
0.392 0.726401
0.393 0.728296
0.394 0.730192
0.395 0.732087
0.396 0.733984
0.397 0.73588
0.398 0.737777
0.399 0.739674
0.4 0.741571
0.401 0.743469
0.402 0.745368
0.403 0.747266
0.404 0.749165
0.405 0.751064
0.406 0.752964
0.407 0.754864
0.408 0.756764
0.409 0.758665
0.41 0.760566
0.411 0.762467
0.412 0.764369
0.413 0.766271
0.414 0.768173
0.415 0.770076
0.416 0.771979
0.417 0.773883
0.418 0.775787
0.419 0.777691
0.42 0.779595
0.421 0.7815
0.422 0.783406
0.423 0.785312
0.424 0.787218
0.425 0.789124
0.426 0.791031
0.427 0.792938
0.428 0.794846
0.429 0.796754
0.43 0.798662
0.431 0.800571
0.432 0.80248
0.433 0.80439
0.434 0.8063
0.435 0.80821
0.436 0.810121
0.437 0.812032
0.438 0.813943
0.439 0.815855
0.44 0.817767
0.441 0.81968
0.442 0.821593
0.443 0.823507
0.444 0.825421
0.445 0.827335
0.446 0.82925
0.447 0.831165
0.448 0.83308
0.449 0.834996
0.45 0.836912
0.451 0.838829
0.452 0.840746
0.453 0.842664
0.454 0.844582
0.455 0.8465
0.456 0.848419
0.457 0.850338
0.458 0.852258
0.459 0.854178
0.46 0.856098
0.461 0.858019
0.462 0.859941
0.463 0.861862
0.464 0.863784
0.465 0.865707
0.466 0.86763
0.467 0.869554
0.468 0.871478
0.469 0.873402
0.47 0.875327
0.471 0.877252
0.472 0.879178
0.473 0.881104
0.474 0.88303
0.475 0.884957
0.476 0.886885
0.477 0.888813
0.478 0.890741
0.479 0.89267
0.48 0.894599
0.481 0.896529
0.482 0.898459
0.483 0.900389
0.484 0.902321
0.485 0.904252
0.486 0.906184
0.487 0.908117
0.488 0.910049
0.489 0.911983
0.49 0.913917
0.491 0.915851
0.492 0.917786
0.493 0.919721
0.494 0.921657
0.495 0.923593
0.496 0.92553
0.497 0.927467
0.498 0.929404
0.499 0.931342
0.5 0.933281
0.501 0.93522
0.502 0.93716
0.503 0.9391
0.504 0.94104
0.505 0.942981
0.506 0.944923
0.507 0.946865
0.508 0.948807
0.509 0.95075
0.51 0.952694
0.511 0.954638
0.512 0.956582
0.513 0.958527
0.514 0.960472
0.515 0.962418
0.516 0.964365
0.517 0.966312
0.518 0.968259
0.519 0.970207
0.52 0.972156
0.521 0.974105
0.522 0.976054
0.523 0.978004
0.524 0.979955
0.525 0.981906
0.526 0.983858
0.527 0.98581
0.528 0.987762
0.529 0.989716
0.53 0.991669
0.531 0.993623
0.532 0.995578
0.533 0.997533
0.534 0.999489
0.535 1.00145
0.536 1.0034
0.537 1.00536
0.538 1.00732
0.539 1.00928
0.54 1.01124
0.541 1.01319
0.542 1.01515
0.543 1.01712
0.544 1.01908
0.545 1.02104
0.546 1.023
0.547 1.02496
0.548 1.02693
0.549 1.02889
0.55 1.03086
0.551 1.03282
0.552 1.03479
0.553 1.03675
0.554 1.03872
0.555 1.04069
0.556 1.04265
0.557 1.04462
0.558 1.04659
0.559 1.04856
0.56 1.05053
0.561 1.0525
0.562 1.05447
0.563 1.05645
0.564 1.05842
0.565 1.06039
0.566 1.06236
0.567 1.06434
0.568 1.06631
0.569 1.06829
0.57 1.07026
0.571 1.07224
0.572 1.07422
0.573 1.0762
0.574 1.07817
0.575 1.08015
0.576 1.08213
0.577 1.08411
0.578 1.08609
0.579 1.08808
0.58 1.09006
0.581 1.09204
0.582 1.09402
0.583 1.09601
0.584 1.09799
0.585 1.09998
0.586 1.10196
0.587 1.10395
0.588 1.10593
0.589 1.10792
0.59 1.10991
0.591 1.1119
0.592 1.11389
0.593 1.11588
0.594 1.11787
0.595 1.11986
0.596 1.12185
0.597 1.12384
0.598 1.12584
0.599 1.12783
0.6 1.12982
0.601 1.13182
0.602 1.13382
0.603 1.13581
0.604 1.13781
0.605 1.13981
0.606 1.1418
0.607 1.1438
0.608 1.1458
0.609 1.1478
0.61 1.1498
0.611 1.1518
0.612 1.15381
0.613 1.15581
0.614 1.15781
0.615 1.15982
0.616 1.16182
0.617 1.16383
0.618 1.16583
0.619 1.16784
0.62 1.16985
0.621 1.17185
0.622 1.17386
0.623 1.17587
0.624 1.17788
0.625 1.17989
0.626 1.1819
0.627 1.18392
0.628 1.18593
0.629 1.18794
0.63 1.18996
0.631 1.19197
0.632 1.19399
0.633 1.196
0.634 1.19802
0.635 1.20004
0.636 1.20206
0.637 1.20408
0.638 1.2061
0.639 1.20812
0.64 1.21014
0.641 1.21216
0.642 1.21418
0.643 1.2162
0.644 1.21823
0.645 1.22025
0.646 1.22228
0.647 1.2243
0.648 1.22633
0.649 1.22836
0.65 1.23039
0.651 1.23241
0.652 1.23444
0.653 1.23647
0.654 1.23851
0.655 1.24054
0.656 1.24257
0.657 1.2446
0.658 1.24664
0.659 1.24867
0.66 1.25071
0.661 1.25274
0.662 1.25478
0.663 1.25682
0.664 1.25886
0.665 1.2609
0.666 1.26294
0.667 1.26498
0.668 1.26702
0.669 1.26906
0.67 1.2711
0.671 1.27315
0.672 1.27519
0.673 1.27724
0.674 1.27928
0.675 1.28133
0.676 1.28338
0.677 1.28542
0.678 1.28747
0.679 1.28952
0.68 1.29157
0.681 1.29362
0.682 1.29568
0.683 1.29773
0.684 1.29978
0.685 1.30184
0.686 1.30389
0.687 1.30595
0.688 1.30801
0.689 1.31006
0.69 1.31212
0.691 1.31418
0.692 1.31624
0.693 1.3183
0.694 1.32036
0.695 1.32242
0.696 1.32449
0.697 1.32655
0.698 1.32862
0.699 1.33068
0.7 1.33275
0.701 1.33482
0.702 1.33688
0.703 1.33895
0.704 1.34102
0.705 1.34309
0.706 1.34516
0.707 1.34723
0.708 1.34931
0.709 1.35138
0.71 1.35346
0.711 1.35553
0.712 1.35761
0.713 1.35968
0.714 1.36176
0.715 1.36384
0.716 1.36592
0.717 1.368
0.718 1.37008
0.719 1.37216
0.72 1.37425
0.721 1.37633
0.722 1.37841
0.723 1.3805
0.724 1.38259
0.725 1.38467
0.726 1.38676
0.727 1.38885
0.728 1.39094
0.729 1.39303
0.73 1.39512
0.731 1.39721
0.732 1.3993
0.733 1.4014
0.734 1.40349
0.735 1.40559
0.736 1.40769
0.737 1.40978
0.738 1.41188
0.739 1.41398
0.74 1.41608
0.741 1.41818
0.742 1.42028
0.743 1.42239
0.744 1.42449
0.745 1.42659
0.746 1.4287
0.747 1.4308
0.748 1.43291
0.749 1.43502
0.75 1.43713
0.751 1.43924
0.752 1.44135
0.753 1.44346
0.754 1.44557
0.755 1.44769
0.756 1.4498
0.757 1.45192
0.758 1.45403
0.759 1.45615
0.76 1.45827
0.761 1.46039
0.762 1.46251
0.763 1.46463
0.764 1.46675
0.765 1.46887
0.766 1.47099
0.767 1.47312
0.768 1.47524
0.769 1.47737
0.77 1.4795
0.771 1.48162
0.772 1.48375
0.773 1.48588
0.774 1.48801
0.775 1.49015
0.776 1.49228
0.777 1.49441
0.778 1.49655
0.779 1.49868
0.78 1.50082
0.781 1.50296
0.782 1.5051
0.783 1.50723
0.784 1.50938
0.785 1.51152
0.786 1.51366
0.787 1.5158
0.788 1.51795
0.789 1.52009
0.79 1.52224
0.791 1.52439
0.792 1.52653
0.793 1.52868
0.794 1.53083
0.795 1.53298
0.796 1.53514
0.797 1.53729
0.798 1.53944
0.799 1.5416
0.8 1.54375
0.801 1.54591
0.802 1.54807
0.803 1.55023
0.804 1.55239
0.805 1.55455
0.806 1.55671
0.807 1.55887
0.808 1.56104
0.809 1.5632
0.81 1.56537
0.811 1.56754
0.812 1.5697
0.813 1.57187
0.814 1.57404
0.815 1.57622
0.816 1.57839
0.817 1.58056
0.818 1.58273
0.819 1.58491
0.82 1.58709
0.821 1.58926
0.822 1.59144
0.823 1.59362
0.824 1.5958
0.825 1.59798
0.826 1.60017
0.827 1.60235
0.828 1.60453
0.829 1.60672
0.83 1.60891
0.831 1.61109
0.832 1.61328
0.833 1.61547
0.834 1.61766
0.835 1.61985
0.836 1.62205
0.837 1.62424
0.838 1.62644
0.839 1.62863
0.84 1.63083
0.841 1.63303
0.842 1.63523
0.843 1.63743
0.844 1.63963
0.845 1.64183
0.846 1.64404
0.847 1.64624
0.848 1.64845
0.849 1.65065
0.85 1.65286
0.851 1.65507
0.852 1.65728
0.853 1.65949
0.854 1.66171
0.855 1.66392
0.856 1.66613
0.857 1.66835
0.858 1.67057
0.859 1.67278
0.86 1.675
0.861 1.67722
0.862 1.67945
0.863 1.68167
0.864 1.68389
0.865 1.68612
0.866 1.68834
0.867 1.69057
0.868 1.6928
0.869 1.69503
0.87 1.69726
0.871 1.69949
0.872 1.70172
0.873 1.70395
0.874 1.70619
0.875 1.70842
0.876 1.71066
0.877 1.7129
0.878 1.71514
0.879 1.71738
0.88 1.71962
0.881 1.72186
0.882 1.72411
0.883 1.72635
0.884 1.7286
0.885 1.73085
0.886 1.7331
0.887 1.73535
0.888 1.7376
0.889 1.73985
0.89 1.7421
0.891 1.74436
0.892 1.74661
0.893 1.74887
0.894 1.75113
0.895 1.75339
0.896 1.75565
0.897 1.75791
0.898 1.76017
0.899 1.76244
0.9 1.7647
0.901 1.76697
0.902 1.76923
0.903 1.7715
0.904 1.77377
0.905 1.77604
0.906 1.77832
0.907 1.78059
0.908 1.78287
0.909 1.78514
0.91 1.78742
0.911 1.7897
0.912 1.79198
0.913 1.79426
0.914 1.79654
0.915 1.79882
0.916 1.80111
0.917 1.80339
0.918 1.80568
0.919 1.80797
0.92 1.81026
0.921 1.81255
0.922 1.81484
0.923 1.81713
0.924 1.81943
0.925 1.82172
0.926 1.82402
0.927 1.82632
0.928 1.82862
0.929 1.83092
0.93 1.83322
0.931 1.83552
0.932 1.83783
0.933 1.84013
0.934 1.84244
0.935 1.84475
0.936 1.84706
0.937 1.84937
0.938 1.85168
0.939 1.85399
0.94 1.85631
0.941 1.85862
0.942 1.86094
0.943 1.86326
0.944 1.86558
0.945 1.8679
0.946 1.87022
0.947 1.87255
0.948 1.87487
0.949 1.8772
0.95 1.87953
0.951 1.88185
0.952 1.88418
0.953 1.88652
0.954 1.88885
0.955 1.89118
0.956 1.89352
0.957 1.89585
0.958 1.89819
0.959 1.90053
0.96 1.90287
0.961 1.90521
0.962 1.90756
0.963 1.9099
0.964 1.91225
0.965 1.91459
0.966 1.91694
0.967 1.91929
0.968 1.92164
0.969 1.924
0.97 1.92635
0.971 1.92871
0.972 1.93106
0.973 1.93342
0.974 1.93578
0.975 1.93814
0.976 1.9405
0.977 1.94287
0.978 1.94523
0.979 1.9476
0.98 1.94996
0.981 1.95233
0.982 1.9547
0.983 1.95707
0.984 1.95945
0.985 1.96182
0.986 1.9642
0.987 1.96657
0.988 1.96895
0.989 1.97133
0.99 1.97371
0.991 1.9761
0.992 1.97848
0.993 1.98087
0.994 1.98325
0.995 1.98564
0.996 1.98803
0.997 1.99042
0.998 1.99281
0.999 1.99521
1 1.9976
1 2
