0.005 0
0.01 0.00921477
0.015 0.0184296
0.02 0.0276444
0.025 0.0368593
0.03 0.0460742
0.035 0.0552893
0.04 0.0645046
0.045 0.0737201
0.05 0.0829359
0.055 0.092152
0.06 0.101369
0.065 0.110585
0.07 0.119803
0.075 0.129021
0.08 0.138239
0.085 0.147459
0.09 0.156679
0.095 0.1659
0.1 0.175122
0.105 0.184344
0.11 0.193568
0.115 0.202793
0.12 0.21202
0.125 0.221247
0.13 0.230476
0.135 0.239707
0.14 0.248939
0.145 0.258173
0.15 0.267408
0.155 0.276646
0.16 0.285885
0.165 0.295127
0.17 0.304371
0.175 0.313616
0.18 0.322865
0.185 0.332116
0.19 0.341369
0.195 0.350625
0.2 0.359884
0.205 0.369146
0.21 0.378411
0.215 0.387679
0.22 0.39695
0.225 0.406225
0.23 0.415503
0.235 0.424785
0.24 0.434071
0.245 0.44336
0.25 0.452653
0.255 0.461951
0.26 0.471253
0.265 0.480559
0.27 0.48987
0.275 0.499185
0.28 0.508505
0.285 0.51783
0.29 0.52716
0.295 0.536495
0.3 0.545836
0.305 0.555182
0.31 0.564534
0.315 0.573891
0.32 0.583254
0.325 0.592623
0.33 0.601999
0.335 0.61138
0.34 0.620768
0.345 0.630163
0.35 0.639564
0.355 0.648973
0.36 0.658388
0.365 0.667811
0.37 0.677241
0.375 0.686678
0.38 0.696123
0.385 0.705576
0.39 0.715037
0.395 0.724506
0.4 0.733984
0.405 0.743469
0.41 0.752964
0.415 0.762467
0.42 0.771979
0.425 0.7815
0.43 0.791031
0.435 0.800571
0.44 0.810121
0.445 0.81968
0.45 0.82925
0.455 0.838829
0.46 0.848419
0.465 0.858019
0.47 0.86763
0.475 0.877252
0.48 0.886885
0.485 0.896529
0.49 0.906184
0.495 0.915851
0.5 0.92553
0.505 0.93522
0.51 0.944923
0.515 0.954638
0.52 0.964365
0.525 0.974105
0.53 0.983858
0.535 0.993623
0.54 1.0034
0.545 1.01319
0.55 1.023
0.555 1.03282
0.56 1.04265
0.565 1.0525
0.57 1.06236
0.575 1.07224
0.58 1.08213
0.585 1.09204
0.59 1.10196
0.595 1.1119
0.6 1.12185
0.605 1.13182
0.61 1.1418
0.615 1.1518
0.62 1.16182
0.625 1.17185
0.63 1.1819
0.635 1.19197
0.64 1.20206
0.645 1.21216
0.65 1.22228
0.655 1.23241
0.66 1.24257
0.665 1.25274
0.67 1.26294
0.675 1.27315
0.68 1.28338
0.685 1.29362
0.69 1.30389
0.695 1.31418
0.7 1.32449
0.705 1.33482
0.71 1.34516
0.715 1.35553
0.72 1.36592
0.725 1.37633
0.73 1.38676
0.735 1.39721
0.74 1.40769
0.745 1.41818
0.75 1.4287
0.755 1.43924
0.76 1.4498
0.765 1.46039
0.77 1.47099
0.775 1.48162
0.78 1.49228
0.785 1.50296
0.79 1.51366
0.795 1.52439
0.8 1.53514
0.805 1.54591
0.81 1.55671
0.815 1.56754
0.82 1.57839
0.825 1.58926
0.83 1.60017
0.835 1.61109
0.84 1.62205
0.845 1.63303
0.85 1.64404
0.855 1.65507
0.86 1.66613
0.865 1.67722
0.87 1.68834
0.875 1.69949
0.88 1.71066
0.885 1.72186
0.89 1.7331
0.895 1.74436
0.9 1.75565
0.905 1.76697
0.91 1.77832
0.915 1.7897
0.92 1.80111
0.925 1.81255
0.93 1.82402
0.935 1.83552
0.94 1.84706
0.945 1.85862
0.95 1.87022
0.955 1.88185
0.96 1.89352
0.965 1.90521
0.97 1.91694
0.975 1.92871
0.98 1.9405
0.985 1.95233
0.99 1.9642
0.995 1.9761
1 1.98803
1 2
