0.00133333 0
0.00266667 0.00245727
0.004 0.00491454
0.00533333 0.00737182
0.00666667 0.00982909
0.008 0.0122864
0.00933333 0.0147436
0.0106667 0.0172009
0.012 0.0196582
0.0133333 0.0221155
0.0146667 0.0245728
0.016 0.02703
0.0173333 0.0294873
0.0186667 0.0319446
0.02 0.0344019
0.0213333 0.0368593
0.0226667 0.0393166
0.024 0.0417739
0.0253333 0.0442312
0.0266667 0.0466886
0.028 0.0491459
0.0293333 0.0516033
0.0306667 0.0540607
0.032 0.056518
0.0333333 0.0589754
0.0346667 0.0614328
0.036 0.0638903
0.0373333 0.0663477
0.0386667 0.0688052
0.04 0.0712626
0.0413333 0.0737201
0.0426667 0.0761777
0.044 0.0786352
0.0453333 0.0810927
0.0466667 0.0835503
0.048 0.0860079
0.0493333 0.0884655
0.0506667 0.0909232
0.052 0.0933809
0.0533333 0.0958386
0.0546667 0.0982963
0.056 0.100754
0.0573333 0.103212
0.0586667 0.10567
0.06 0.108128
0.0613333 0.110585
0.0626667 0.113043
0.064 0.115501
0.0653333 0.117959
0.0666667 0.120417
0.068 0.122875
0.0693333 0.125334
0.0706667 0.127792
0.072 0.13025
0.0733333 0.132708
0.0746667 0.135167
0.076 0.137625
0.0773333 0.140083
0.0786667 0.142542
0.08 0.145
0.0813333 0.147459
0.0826667 0.149917
0.084 0.152376
0.0853333 0.154835
0.0866667 0.157294
0.088 0.159752
0.0893333 0.162211
0.0906667 0.16467
0.092 0.167129
0.0933333 0.169588
0.0946667 0.172048
0.096 0.174507
0.0973333 0.176966
0.0986667 0.179425
0.1 0.181885
0.101333 0.184344
0.102667 0.186804
0.104 0.189264
0.105333 0.191723
0.106667 0.194183
0.108 0.196643
0.109333 0.199103
0.110667 0.201563
0.112 0.204024
0.113333 0.206484
0.114667 0.208944
0.116 0.211405
0.117333 0.213865
0.118667 0.216326
0.12 0.218787
0.121333 0.221247
0.122667 0.223708
0.124 0.226169
0.125333 0.22863
0.126667 0.231092
0.128 0.233553
0.129333 0.236015
0.130667 0.238476
0.132 0.240938
0.133333 0.2434
0.134667 0.245861
0.136 0.248324
0.137333 0.250786
0.138667 0.253248
0.14 0.25571
0.141333 0.258173
0.142667 0.260635
0.144 0.263098
0.145333 0.265561
0.146667 0.268024
0.148 0.270487
0.149333 0.272951
0.150667 0.275414
0.152 0.277878
0.153333 0.280341
0.154667 0.282805
0.156 0.285269
0.157333 0.287733
0.158667 0.290198
0.16 0.292662
0.161333 0.295127
0.162667 0.297592
0.164 0.300057
0.165333 0.302522
0.166667 0.304987
0.168 0.307452
0.169333 0.309918
0.170667 0.312384
0.172 0.314849
0.173333 0.317316
0.174667 0.319782
0.176 0.322248
0.177333 0.324715
0.178667 0.327182
0.18 0.329649
0.181333 0.332116
0.182667 0.334583
0.184 0.33705
0.185333 0.339518
0.186667 0.341986
0.188 0.344454
0.189333 0.346922
0.190667 0.349391
0.192 0.35186
0.193333 0.354328
0.194667 0.356797
0.196 0.359267
0.197333 0.361736
0.198667 0.364206
0.2 0.366676
0.201333 0.369146
0.202667 0.371616
0.204 0.374087
0.205333 0.376558
0.206667 0.379029
0.208 0.3815
0.209333 0.383971
0.210667 0.386443
0.212 0.388915
0.213333 0.391387
0.214667 0.393859
0.216 0.396332
0.217333 0.398805
0.218667 0.401278
0.22 0.403751
0.221333 0.406225
0.222667 0.408699
0.224 0.411173
0.225333 0.413647
0.226667 0.416122
0.228 0.418597
0.229333 0.421072
0.230667 0.423547
0.232 0.426023
0.233333 0.428499
0.234667 0.430975
0.236 0.433451
0.237333 0.435928
0.238667 0.438405
0.24 0.440882
0.241333 0.44336
0.242667 0.445838
0.244 0.448316
0.245333 0.450794
0.246667 0.453273
0.248 0.455752
0.249333 0.458232
0.250667 0.460711
0.252 0.463191
0.253333 0.465671
0.254667 0.468152
0.256 0.470633
0.257333 0.473114
0.258667 0.475595
0.26 0.478077
0.261333 0.480559
0.262667 0.483041
0.264 0.485524
0.265333 0.488007
0.266667 0.490491
0.268 0.492974
0.269333 0.495458
0.270667 0.497943
0.272 0.500427
0.273333 0.502913
0.274667 0.505398
0.276 0.507884
0.277333 0.51037
0.278667 0.512856
0.28 0.515343
0.281333 0.51783
0.282667 0.520318
0.284 0.522806
0.285333 0.525294
0.286667 0.527782
0.288 0.530271
0.289333 0.532761
0.290667 0.53525
0.292 0.537741
0.293333 0.540231
0.294667 0.542722
0.296 0.545213
0.297333 0.547705
0.298667 0.550197
0.3 0.552689
0.301333 0.555182
0.302667 0.557675
0.304 0.560169
0.305333 0.562663
0.306667 0.565157
0.308 0.567652
0.309333 0.570147
0.310667 0.572643
0.312 0.575139
0.313333 0.577635
0.314667 0.580132
0.316 0.58263
0.317333 0.585127
0.318667 0.587626
0.32 0.590124
0.321333 0.592623
0.322667 0.595123
0.324 0.597623
0.325333 0.600123
0.326667 0.602624
0.328 0.605125
0.329333 0.607627
0.330667 0.610129
0.332 0.612632
0.333333 0.615135
0.334667 0.617638
0.336 0.620142
0.337333 0.622647
0.338667 0.625152
0.34 0.627657
0.341333 0.630163
0.342667 0.632669
0.344 0.635176
0.345333 0.637684
0.346667 0.640191
0.348 0.6427
0.349333 0.645209
0.350667 0.647718
0.352 0.650228
0.353333 0.652738
0.354667 0.655249
0.356 0.65776
0.357333 0.660272
0.358667 0.662784
0.36 0.665297
0.361333 0.667811
0.362667 0.670325
0.364 0.672839
0.365333 0.675354
0.366667 0.67787
0.368 0.680386
0.369333 0.682902
0.370667 0.685419
0.372 0.687937
0.373333 0.690455
0.374667 0.692974
0.376 0.695493
0.377333 0.698013
0.378667 0.700534
0.38 0.703055
0.381333 0.705576
0.382667 0.708098
0.384 0.710621
0.385333 0.713144
0.386667 0.715668
0.388 0.718193
0.389333 0.720718
0.390667 0.723243
0.392 0.725769
0.393333 0.728296
0.394667 0.730823
0.396 0.733351
0.397333 0.73588
0.398667 0.738409
0.4 0.740939
0.401333 0.743469
0.402667 0.746
0.404 0.748532
0.405333 0.751064
0.406667 0.753597
0.408 0.756131
0.409333 0.758665
0.410667 0.761199
0.412 0.763735
0.413333 0.766271
0.414667 0.768807
0.416 0.771345
0.417333 0.773883
0.418667 0.776421
0.42 0.778961
0.421333 0.7815
0.422667 0.784041
0.424 0.786582
0.425333 0.789124
0.426667 0.791667
0.428 0.79421
0.429333 0.796754
0.430667 0.799299
0.432 0.801844
0.433333 0.80439
0.434667 0.806936
0.436 0.809484
0.437333 0.812032
0.438667 0.814581
0.44 0.81713
0.441333 0.81968
0.442667 0.822231
0.444 0.824783
0.445333 0.827335
0.446667 0.829888
0.448 0.832442
0.449333 0.834996
0.450667 0.837551
0.452 0.840107
0.453333 0.842664
0.454667 0.845221
0.456 0.847779
0.457333 0.850338
0.458667 0.852898
0.46 0.855458
0.461333 0.858019
0.462667 0.860581
0.464 0.863144
0.465333 0.865707
0.466667 0.868271
0.468 0.870836
0.469333 0.873402
0.470667 0.875968
0.472 0.878536
0.473333 0.881104
0.474667 0.883673
0.476 0.886242
0.477333 0.888813
0.478667 0.891384
0.48 0.893956
0.481333 0.896529
0.482667 0.899102
0.484 0.901677
0.485333 0.904252
0.486667 0.906828
0.488 0.909405
0.489333 0.911983
0.490667 0.914561
0.492 0.917141
0.493333 0.919721
0.494667 0.922302
0.496 0.924884
0.497333 0.927467
0.498667 0.93005
0.5 0.932635
0.501333 0.93522
0.502667 0.937806
0.504 0.940393
0.505333 0.942981
0.506667 0.94557
0.508 0.94816
0.509333 0.95075
0.510667 0.953341
0.512 0.955934
0.513333 0.958527
0.514667 0.961121
0.516 0.963716
0.517333 0.966312
0.518667 0.968909
0.52 0.971506
0.521333 0.974105
0.522667 0.976704
0.524 0.979305
0.525333 0.981906
0.526667 0.984508
0.528 0.987111
0.529333 0.989716
0.530667 0.992321
0.532 0.994927
0.533333 0.997533
0.534667 1.00014
0.536 1.00275
0.537333 1.00536
0.538667 1.00797
0.54 1.01058
0.541333 1.01319
0.542667 1.01581
0.544 1.01842
0.545333 1.02104
0.546667 1.02366
0.548 1.02627
0.549333 1.02889
0.550667 1.03151
0.552 1.03413
0.553333 1.03675
0.554667 1.03937
0.556 1.042
0.557333 1.04462
0.558667 1.04725
0.56 1.04987
0.561333 1.0525
0.562667 1.05513
0.564 1.05776
0.565333 1.06039
0.566667 1.06302
0.568 1.06566
0.569333 1.06829
0.570667 1.07092
0.572 1.07356
0.573333 1.0762
0.574667 1.07883
0.576 1.08147
0.577333 1.08411
0.578667 1.08675
0.58 1.0894
0.581333 1.09204
0.582667 1.09468
0.584 1.09733
0.585333 1.09998
0.586667 1.10262
0.588 1.10527
0.589333 1.10792
0.590667 1.11057
0.592 1.11322
0.593333 1.11588
0.594667 1.11853
0.596 1.12119
0.597333 1.12384
0.598667 1.1265
0.6 1.12916
0.601333 1.13182
0.602667 1.13448
0.604 1.13714
0.605333 1.13981
0.606667 1.14247
0.608 1.14514
0.609333 1.1478
0.610667 1.15047
0.612 1.15314
0.613333 1.15581
0.614667 1.15848
0.616 1.16115
0.617333 1.16383
0.618667 1.1665
0.62 1.16918
0.621333 1.17185
0.622667 1.17453
0.624 1.17721
0.625333 1.17989
0.626667 1.18258
0.628 1.18526
0.629333 1.18794
0.630667 1.19063
0.632 1.19332
0.633333 1.196
0.634667 1.19869
0.636 1.20138
0.637333 1.20408
0.638667 1.20677
0.64 1.20946
0.641333 1.21216
0.642667 1.21486
0.644 1.21755
0.645333 1.22025
0.646667 1.22295
0.648 1.22565
0.649333 1.22836
0.650667 1.23106
0.652 1.23377
0.653333 1.23647
0.654667 1.23918
0.656 1.24189
0.657333 1.2446
0.658667 1.24732
0.66 1.25003
0.661333 1.25274
0.662667 1.25546
0.664 1.25818
0.665333 1.2609
0.666667 1.26362
0.668 1.26634
0.669333 1.26906
0.670667 1.27178
0.672 1.27451
0.673333 1.27724
0.674667 1.27996
0.676 1.28269
0.677333 1.28542
0.678667 1.28816
0.68 1.29089
0.681333 1.29362
0.682667 1.29636
0.684 1.2991
0.685333 1.30184
0.686667 1.30458
0.688 1.30732
0.689333 1.31006
0.690667 1.31281
0.692 1.31555
0.693333 1.3183
0.694667 1.32105
0.696 1.3238
0.697333 1.32655
0.698667 1.3293
0.7 1.33206
0.701333 1.33482
0.702667 1.33757
0.704 1.34033
0.705333 1.34309
0.706667 1.34585
0.708 1.34862
0.709333 1.35138
0.710667 1.35415
0.712 1.35691
0.713333 1.35968
0.714667 1.36245
0.716 1.36523
0.717333 1.368
0.718667 1.37077
0.72 1.37355
0.721333 1.37633
0.722667 1.37911
0.724 1.38189
0.725333 1.38467
0.726667 1.38746
0.728 1.39024
0.729333 1.39303
0.730667 1.39582
0.732 1.39861
0.733333 1.4014
0.734667 1.40419
0.736 1.40699
0.737333 1.40978
0.738667 1.41258
0.74 1.41538
0.741333 1.41818
0.742667 1.42098
0.744 1.42379
0.745333 1.42659
0.746667 1.4294
0.748 1.43221
0.749333 1.43502
0.750667 1.43783
0.752 1.44065
0.753333 1.44346
0.754667 1.44628
0.756 1.4491
0.757333 1.45192
0.758667 1.45474
0.76 1.45756
0.761333 1.46039
0.762667 1.46321
0.764 1.46604
0.765333 1.46887
0.766667 1.4717
0.768 1.47453
0.769333 1.47737
0.770667 1.48021
0.772 1.48304
0.773333 1.48588
0.774667 1.48872
0.776 1.49157
0.777333 1.49441
0.778667 1.49726
0.78 1.50011
0.781333 1.50296
0.782667 1.50581
0.784 1.50866
0.785333 1.51152
0.786667 1.51437
0.788 1.51723
0.789333 1.52009
0.790667 1.52295
0.792 1.52582
0.793333 1.52868
0.794667 1.53155
0.796 1.53442
0.797333 1.53729
0.798667 1.54016
0.8 1.54304
0.801333 1.54591
0.802667 1.54879
0.804 1.55167
0.805333 1.55455
0.806667 1.55743
0.808 1.56032
0.809333 1.5632
0.810667 1.56609
0.812 1.56898
0.813333 1.57187
0.814667 1.57477
0.816 1.57766
0.817333 1.58056
0.818667 1.58346
0.82 1.58636
0.821333 1.58926
0.822667 1.59217
0.824 1.59507
0.825333 1.59798
0.826667 1.60089
0.828 1.60381
0.829333 1.60672
0.830667 1.60963
0.832 1.61255
0.833333 1.61547
0.834667 1.61839
0.836 1.62132
0.837333 1.62424
0.838667 1.62717
0.84 1.6301
0.841333 1.63303
0.842667 1.63596
0.844 1.6389
0.845333 1.64183
0.846667 1.64477
0.848 1.64771
0.849333 1.65065
0.850667 1.6536
0.852 1.65655
0.853333 1.65949
0.854667 1.66244
0.856 1.6654
0.857333 1.66835
0.858667 1.67131
0.86 1.67426
0.861333 1.67722
0.862667 1.68019
0.864 1.68315
0.865333 1.68612
0.866667 1.68908
0.868 1.69205
0.869333 1.69503
0.870667 1.698
0.872 1.70098
0.873333 1.70395
0.874667 1.70693
0.876 1.70992
0.877333 1.7129
0.878667 1.71589
0.88 1.71887
0.881333 1.72186
0.882667 1.72486
0.884 1.72785
0.885333 1.73085
0.886667 1.73385
0.888 1.73685
0.889333 1.73985
0.890667 1.74285
0.892 1.74586
0.893333 1.74887
0.894667 1.75188
0.896 1.75489
0.897333 1.75791
0.898667 1.76093
0.9 1.76395
0.901333 1.76697
0.902667 1.76999
0.904 1.77302
0.905333 1.77604
0.906667 1.77907
0.908 1.78211
0.909333 1.78514
0.910667 1.78818
0.912 1.79122
0.913333 1.79426
0.914667 1.7973
0.916 1.80035
0.917333 1.80339
0.918667 1.80644
0.92 1.80949
0.921333 1.81255
0.922667 1.8156
0.924 1.81866
0.925333 1.82172
0.926667 1.82479
0.928 1.82785
0.929333 1.83092
0.930667 1.83399
0.932 1.83706
0.933333 1.84013
0.934667 1.84321
0.936 1.84629
0.937333 1.84937
0.938667 1.85245
0.94 1.85554
0.941333 1.85862
0.942667 1.86171
0.944 1.86481
0.945333 1.8679
0.946667 1.871
0.948 1.8741
0.949333 1.8772
0.950667 1.8803
0.952 1.88341
0.953333 1.88652
0.954667 1.88963
0.956 1.89274
0.957333 1.89585
0.958667 1.89897
0.96 1.90209
0.961333 1.90521
0.962667 1.90834
0.964 1.91147
0.965333 1.91459
0.966667 1.91773
0.968 1.92086
0.969333 1.924
0.970667 1.92714
0.972 1.93028
0.973333 1.93342
0.974667 1.93657
0.976 1.93972
0.977333 1.94287
0.978667 1.94602
0.98 1.94917
0.981333 1.95233
0.982667 1.95549
0.984 1.95866
0.985333 1.96182
0.986667 1.96499
0.988 1.96816
0.989333 1.97133
0.990667 1.97451
0.992 1.97769
0.993333 1.98087
0.994667 1.98405
0.996 1.98723
0.997333 1.99042
0.998667 1.99361
1 1.9968
1 2
